.	0	2	12	22	27	32	37	41	
.	0	189333	6788618	6788647	12024263	153063604	153064484	153064496	
.	1	2	12	22	27	32	37	
.	1	20357	7193774	7193785	12755005	153060233	153064496	
.	2	2	12	22	27	32	37	
.	2	2568	7070089	7189673	12599556	49074506	153064496	
.	3	2	12	22	27	32	37	
.	3	911	6732870	7828796	11943700	27072437	153064496	
.	4	2	12	22	27	32	37	41	
.	4	388	6724218	9431595	12087524	22965615	153064486	153064496	
.	5	2	12	22	27	32	37	41	
.	5	1582	5479356	7647292	10154163	18794766	37337679	153064496	
.	6	2	12	22	27	32	37	41	
.	6	152	5389557	6980334	9628428	17161073	33468867	153064496	
.	7	2	12	22	27	32	37	41	
.	7	2483	5343966	7611864	9941956	16643221	31206047	153064496	
.	8	2	12	22	27	32	37	41	
.	8	13	5321959	7843550	10660778	16571245	31123856	153064496	
.	9	2	12	22	27	32	37	41	
.	9	822	5964042	9063154	13189802	18149005	33824005	153064496	
.	10	2	12	22	27	32	37	41	
.	10	6250	5642359	8905207	12964655	17818669	32714121	153064496	
.	11	2	12	22	27	32	37	41	
.	11	351	5574241	8639170	12327029	17392751	31440166	153064496	
.	12	2	12	22	27	32	37	41	
.	12	1277	5802573	9051334	12985593	17797969	31879856	153064496	
.	13	2	12	22	27	32	37	41	
.	13	2159	5778377	9134783	13039633	17897916	31908832	153064496	
.	14	2	12	22	27	32	37	41	
.	14	2836	5802771	9081469	13084671	17846374	31918814	153064496	
.	15	2	12	22	27	32	37	41	
.	15	188	5722853	9029142	12976495	17782897	31625644	153064496	
.	16	2	12	22	27	32	37	41	
.	16	1408	6197405	9565722	13653626	18632004	32956380	153064496	
.	17	2	12	22	27	32	37	41	
.	17	1355	6029116	9440027	13524082	18602418	32882250	153064496	
.	18	2	12	22	27	32	37	41	
.	18	2596	6162130	9580086	13693276	18595865	32821561	153064496	
.	19	2	12	22	27	32	37	41	
.	19	2015	6417819	9888936	14116083	19056173	33511190	153064496	
.	20	2	12	22	27	32	37	41	
.	20	93	6385271	9848021	14083523	19028113	33510876	153064496	
.	21	2	12	22	27	32	37	41	
.	21	151	6587457	10101622	14394213	19402665	34181792	153064496	
.	22	2	12	22	27	32	37	41	
.	22	732	6494718	10037021	14353364	19416081	34322605	153064496	
.	23	2	12	22	27	32	37	41	
.	23	5058	6748774	10379037	14744343	19871719	34843125	153064496	
.	24	2	12	22	27	32	37	41	
.	24	848	6747004	10442648	14900042	20090392	35253424	153064496	
.	25	2	12	22	27	32	37	41	
.	25	1777	6864444	10582252	15081895	20358075	35782129	153064496	
.	26	2	12	22	27	32	37	41	
.	26	1109	6970389	10731584	15290160	20634862	36266551	153064496	
.	27	2	12	22	27	32	37	41	
.	27	64	7106244	10889230	15423782	20710303	36070692	153064496	
.	28	2	12	22	27	32	37	41	
.	28	3281	7392133	11316587	15996403	21393335	37055569	153064496	
.	29	2	12	22	27	32	37	41	
.	29	173	7197015	11135790	15863668	21276186	37003336	153064496	
.	30	2	12	22	27	32	37	41	
.	30	4293	7119243	10982101	15632310	21084080	36954587	153064496	
.	31	2	12	22	27	32	37	41	
.	31	3480	7115012	10925279	15496807	20857989	36264039	153064496	
.	32	2	12	22	27	32	37	41	
.	32	1297	7334978	11229682	15924618	21369999	37087266	153064496	
.	33	2	12	22	27	32	37	41	
.	33	2650	7465961	11388968	16106668	21511772	37130145	153064496	
.	34	2	12	22	27	32	37	41	
.	34	2074	7493019	11537920	16503950	22058324	38263420	153064496	
.	35	12	22	27	32	37	41	
.	35	7631831	11682329	16673856	22304297	38602803	153064496	
.	36	2	12	22	27	32	37	41	
.	36	1101	7622630	11677909	16664709	22401823	38568896	153064496	
.	37	2	12	22	27	32	37	41	
.	37	1556	7658234	11764785	16833234	22825735	38957671	153064496	
.	38	2	12	22	27	32	37	41	
.	38	8068	7831218	11948810	17013604	23240725	39209369	153064496	
.	39	2	12	22	27	32	37	41	
.	39	2685	7852338	12053727	17217313	23706426	39662539	153064496	
.	40	2	12	22	27	32	37	41	
.	40	212	7941927	12154965	17329825	24064506	39925051	153064496	
.	41	2	12	22	27	32	37	41	
.	41	284	7997062	12232945	17415781	24250654	40036777	153064496	
.	42	2	12	22	27	32	37	41	
.	42	412	8058469	12359925	17603803	24544836	40378404	153064496	
.	43	2	12	22	27	32	37	41	
.	43	624	8165346	12503666	17765684	24713931	40528923	153064496	
.	44	2	12	22	27	32	37	41	
.	44	7177	8037637	12390539	17667793	24647546	40462102	153064496	
.	45	2	12	22	27	32	37	41	
.	45	486	8089029	12398983	17626756	24652578	40489902	153064496	
.	46	2	12	22	27	32	37	41	
.	46	1821	8334431	12759338	18087307	25139265	40963576	153064496	
.	47	2	12	22	27	32	37	41	
.	47	3306	8262768	12676411	17997447	25122154	40973251	153064496	
.	48	2	12	22	27	32	37	41	
.	48	496	8455606	12893705	18229123	25398934	41259702	153064496	
.	49	2	12	22	27	32	37	41	
.	49	3387	8340059	12804303	18179656	25479964	41326636	153064496	
.	50	2	12	22	27	32	37	41	
.	50	2326	8435914	12903165	18244874	25684468	41441368	153064496	
.	51	2	12	22	27	32	37	41	
.	51	251773	8772324	13263204	18644108	26176231	41883004	153064496	
.	52	2	12	22	27	32	37	41	
.	52	2130	8536850	13075317	18479123	26205504	41885467	153064496	
.	53	2	12	22	27	32	37	41	
.	53	2117	8764183	13385574	18834354	26718548	42334964	153064496	
.	54	2	12	22	27	32	37	41	
.	54	1319	8801356	13470251	18959042	26960060	42479166	153064496	
.	55	2	12	22	27	32	37	41	
.	55	4832	8692479	13364195	18865304	26923568	42550452	153064496	
.	56	2	12	22	27	32	37	41	
.	56	1230	9171737	13913796	19413030	27462048	43023687	153064496	
.	57	2	12	22	27	32	37	41	
.	57	568	8881407	13753501	19342993	27451926	43017088	153064496	
.	58	2	12	22	27	32	37	41	
.	58	405	9068035	13910011	19449149	27649541	43405467	153064496	
.	59	2	12	22	27	32	37	41	
.	59	258582	9342651	14327184	19856516	28087520	43839914	153064496	
.	60	2	12	22	27	32	37	41	
.	60	909	9248215	14288518	19760720	27985679	43782122	153064496	
.	61	2	12	22	27	32	37	41	
.	61	657	9407516	14660172	20079579	28376886	44259350	153064496	
.	62	2	12	22	27	32	37	41	
.	62	1131	9311587	14843120	20038873	28401780	44351652	153064496	
.	63	2	12	22	27	32	37	41	
.	63	551	9556892	15274780	20378942	28814657	44878994	153064496	
.	64	2	12	22	27	32	37	41	
.	64	1791	9425787	15364473	20249436	28729804	44915135	153064496	
.	65	2	12	22	27	32	37	41	
.	65	96	9637232	15675761	20532462	29037268	45200979	153064496	
.	66	2	12	22	27	32	37	41	
.	66	1910	9569405	15786935	20549845	29016321	45106328	153064496	
.	67	2	12	22	27	32	37	41	
.	67	1893	9712478	15992245	20691369	29163863	45284508	153064496	
.	68	2	12	22	27	32	37	41	
.	68	80	9704826	16089117	20804241	29352968	45617738	153064496	
.	69	2	12	22	27	32	37	41	
.	69	993	10699106	17272046	22054296	30588252	46765119	153064496	
.	70	2	12	22	27	32	37	41	
.	70	456	10053854	16954634	22087959	30792796	47077823	153064496	
.	71	2	12	22	27	32	37	41	
.	71	3608	10225716	17038532	21893178	30806906	47382102	153064496	
.	72	2	12	22	27	32	37	41	
.	72	3551	10143185	16913563	21717209	30527883	47017251	153064496	
.	73	2	12	22	27	32	37	41	
.	73	1206	10266290	17023331	21851761	30678023	47261936	153064496	
.	74	2	12	22	27	32	37	41	
.	74	1294	10707639	17596224	22524794	31325336	47870911	153064496	
.	75	2	12	22	27	32	37	41	
.	75	951	10425522	17423629	22497933	31496627	48232586	153064496	
.	76	2	12	22	27	32	37	41	
.	76	1639	10362989	21437103	27416444	43480633	70461149	153064496	
.	77	2	12	22	27	32	37	41	
.	77	621	10313076	18590144	23811758	36030879	57096149	153064496	
.	78	2	12	22	27	32	37	41	
.	78	1423	9707885	17002350	21893630	32161765	50700715	153064496	
.	79	2	12	22	27	32	37	41	
.	79	573	9754136	16461779	21169018	30552488	47868022	153064496	
.	80	2	12	22	27	32	37	41	
.	80	564	9672964	16204077	20882539	29880925	46558743	153064496	
.	81	2	12	22	27	32	37	41	
.	81	246	9726757	16284435	20878956	29749310	46059841	153064496	
.	82	2	12	22	27	32	37	41	
.	82	3715	9622528	16120164	20763203	29646253	45882312	153064496	
.	83	2	12	22	27	32	37	41	
.	83	48	9790573	16311170	20949693	29891507	46046745	153064496	
.	84	2	12	22	27	32	37	41	
.	84	519	9710250	16239221	20883956	29896334	46108685	153064496	
.	85	2	12	22	27	32	37	41	
.	85	726	9970725	16542063	21245774	30326188	46631271	153064496	
.	86	2	12	22	27	32	37	41	
.	86	2421	10061475	16756532	21520250	30681300	46990471	153064496	
.	87	2	12	22	27	32	37	41	
.	87	1004	9825576	16538725	21274478	30474954	46897435	153064496	
.	88	2	12	22	27	32	37	41	
.	88	7224	9997289	16636452	21418499	30597541	47199228	153064496	
.	89	2	12	22	27	32	37	41	
.	89	1082	10112059	16874468	21700129	30942910	47750357	153064496	
.	90	2	12	22	27	32	37	41	
.	90	115	10100704	16834488	21650094	30916491	48006266	153064496	
.	91	2	12	22	27	32	37	41	
.	91	434	10479626	17322674	22178300	31480048	48985789	153064496	
.	92	2	12	22	27	32	37	41	
.	92	382	10495358	17515140	22435549	31839080	49658278	153064496	
.	93	2	12	22	27	32	37	41	
.	93	1097	10477275	17558351	22453999	31892056	50091808	153064496	
.	94	2	8	12	22	27	32	37	41	
.	94	9331	16652	10688563	17869177	22765756	32256156	50931386	153064496	
.	95	2	8	12	22	27	32	37	41	
.	95	3569	9980	10713435	17916458	22866478	32368780	51486856	153064496	
.	96	2	12	22	27	32	37	41	
.	96	536	10852445	18165248	23144654	32629501	52242044	153064496	
.	97	2	12	22	27	32	37	41	
.	97	288	11102038	18646465	23642224	33148451	53330050	153064496	
.	98	2	8	12	22	27	32	37	41	
.	98	2640	23733	11177134	18856496	23942038	33397571	54157764	153064496	
.	99	2	8	12	22	27	32	37	41	
.	99	4152	34932	11243109	18963263	24115599	33544416	54534483	153064496	
.	100	2	8	12	22	27	32	37	41	
.	100	3463	43241	11376109	19182150	24435053	33894018	55186474	153064496	
.	101	2	8	12	22	27	32	37	41	
.	101	1945	48951	11907991	19749320	25145233	34574894	56028992	153064496	
.	102	2	8	12	22	27	32	37	41	
.	102	1467	60038	11695695	19611562	25009073	34467818	56396590	153064496	
.	103	2	8	12	22	27	32	37	41	
.	103	386	96356	11926763	19703550	25315003	34642940	56846330	153064496	
.	104	2	8	12	22	27	32	37	41	
.	104	489	85236	12116250	19913613	25689207	34828498	57154190	153064496	
.	105	2	8	12	22	27	32	37	41	
.	105	4065	155801	12347834	19934572	25798976	34902177	57338258	153064496	
.	106	2	8	12	22	27	32	37	41	
.	106	212	149458	12779792	20188000	26149091	35244273	57828761	153064496	
.	107	2	8	12	22	27	32	37	41	
.	107	103	163934	12974471	20350357	26443477	35586151	58393103	153064496	
.	108	2	8	12	22	27	32	37	41	
.	108	7308	225106	13564752	20969374	27129097	36301740	59073004	153064496	
.	109	2	8	12	22	27	32	37	41	
.	109	1112	364634	13844173	21269936	27481379	36696972	59499279	153064496	
.	110	2	8	12	22	27	32	37	41	
.	110	2069	577198	14144198	21605843	27851425	37285169	59941316	153064496	
.	111	2	8	12	22	27	32	37	41	
.	111	949	1006516	14310698	21718078	27918353	37820054	60219598	153064496	
.	112	2	8	12	22	27	32	37	41	
.	112	4393	1134928	14890026	21969111	28206067	38263676	60760190	153064496	
.	113	2	8	12	22	27	32	37	41	
.	113	8889	1589399	15203552	22303937	28529464	39044937	61246500	153064496	
.	114	2	8	12	22	27	32	37	41	
.	114	1897	1786373	15819807	22860723	29017252	39775512	61799576	153064496	
.	115	2	8	12	22	27	32	37	41	
.	115	3284	2170559	15988375	23059347	29256550	40456708	62389023	153064496	
.	116	2	8	12	22	27	32	37	41	
.	116	890	2460407	16372615	23425069	29675885	41140710	62809011	153064496	
.	117	2	8	12	22	27	32	37	41	
.	117	344	2684187	16518140	23712735	30009566	41620736	63137532	153064496	
.	118	2	8	12	22	27	32	37	41	
.	118	2006	3154385	16753495	23806160	30266592	42279415	63502915	153064496	
.	119	2	8	12	22	27	32	37	41	
.	119	1370	3487023	17374181	24606927	31190731	43406336	64128457	153064496	
.	120	2	8	12	22	27	32	37	41	
.	120	7165	4064468	17068545	24684702	31460864	44163517	64388537	153064496	
.	121	2	8	12	22	27	32	37	41	
.	121	880	4481352	17345391	24788302	31652042	44760165	64682699	153064496	
.	122	2	8	12	22	27	32	37	41	
.	122	2741	4854150	17366662	24904321	31943839	45293256	65027892	153064496	
.	123	2	8	12	22	27	32	37	41	
.	123	1313	5113506	18160237	25889427	33205312	46759027	66123651	153064496	
.	124	2	8	12	22	27	32	37	41	
.	124	6820359	11761084	23890647	31209537	38263218	51186227	69377410	153064496	
.	125	2	8	12	22	27	32	37	41	
.	125	7092635	11878012	24207653	31479741	38873502	51871549	70181786	153064496	
.	126	2	8	12	22	27	32	37	41	
.	126	9583	4954821	18362392	26463012	34377297	48049248	67587938	153064496	
.	127	2	8	12	22	27	32	37	41	
.	127	620	5153621	18645564	26821213	34791646	48462738	67959313	153064496	
.	128	2	8	12	22	27	32	37	41	
.	128	1786	5528911	19300094	27532880	35690090	49383116	68997845	153064496	
.	129	2	8	12	22	27	32	37	41	
.	129	6679521	11881861	25440030	33444729	41552892	54361026	72741267	153064496	
.	130	2	8	12	22	27	32	37	41	
.	130	6654798	11831966	25662636	33720872	42385481	55119246	73455589	153064496	
.	131	2	8	12	22	27	32	37	41	
.	131	4992	5497836	20237579	29390450	38932494	52186041	71865464	153064496	
.	132	2	8	12	22	27	32	37	41	
.	132	6562074	11553152	25728950	34279189	43390748	55657408	74661216	153064496	
.	133	2	8	12	22	27	32	37	41	
.	133	6812229	11909848	26414089	35160462	44859013	57261368	76331145	153064496	
.	134	2	8	12	22	27	32	37	41	
.	134	13346898	18107543	32211120	40614098	50056228	61461005	79471212	153064496	
.	135	2	8	12	22	27	32	37	41	
.	135	25287	5027568	21292136	30837935	41766539	54630562	75452867	153064496	
.	136	2	8	12	22	27	32	37	41	
.	136	12985479	17336450	32036386	40650626	49833303	61043394	79936210	153064496	
.	137	2	8	12	22	27	32	37	41	
.	137	25016	4982944	21733960	31806936	42376416	55055853	76766941	153064496	
.	138	2	8	12	22	27	32	37	41	
.	138	5908388	10815483	26996725	36687439	46750086	59271171	79367937	153064496	
.	139	2	8	12	22	27	32	37	41	
.	139	6407980	11699459	27806105	37207128	47918095	60499150	80768560	153064496	
.	140	2	8	12	22	27	32	37	41	
.	140	20529048	25424201	39240630	46846932	56466742	67153162	85091244	153064496	
.	141	2	8	12	22	27	32	37	41	
.	141	13534752	17892907	33580944	42150069	52953883	63934012	83313745	153064496	
.	142	2	8	12	22	27	32	37	41	
.	142	8007	5006477	23344024	33092890	44370109	58129270	80763108	153064496	
.	143	2	8	12	22	27	32	37	41	
.	143	19315995	24356929	39225472	47438284	57469046	67671201	86406074	153064496	
.	144	2	8	12	22	27	32	37	41	
.	144	31974	5360731	24365689	34335040	47239497	60114063	82187570	153064496	
.	145	2	8	12	22	27	32	37	41	
.	145	13061714	18229342	34804336	44510886	55370749	66448368	86151398	153064496	
.	146	2	8	12	22	27	32	37	41	
.	146	13499569	19050150	35063846	44437980	55800590	66444761	86284306	153064496	
.	147	2	8	12	22	27	32	37	41	
.	147	13005915	18188877	35784561	44864058	55924836	67238288	87271530	153064496	
.	148	2	8	12	22	27	32	37	41	
.	148	13666526	18762289	36121978	44914427	56134857	68038266	88068310	153064496	
.	149	2	8	12	22	27	32	37	41	
.	149	19680220	24777269	41510728	50656888	61790798	71949268	90646512	153064496	
A	0	12	22	27	32	37	41	
A	0	1416035	1416045	2550712	26441612	26441832	26441836	
A	1	12	22	27	32	37	
A	1	1354985	1354989	2388338	27315167	27317129	
A	2	12	22	27	32	37	
A	2	1576333	1602434	2866564	10720560	31850832	
A	3	12	22	27	32	37	
A	3	1110665	1266334	1949490	4143331	20954355	
A	4	12	22	27	32	37	41	
A	4	2176616	3090777	4040965	7838068	50356360	50356368	
A	5	12	22	27	32	37	41	
A	5	1825064	2542343	3395173	6151235	12706206	50761573	
A	6	12	22	27	32	37	41	
A	6	1506265	1935152	2676714	4675013	9376023	41863836	
A	7	12	22	27	32	37	41	
A	7	1574785	2229983	2908514	4850400	9435235	47203370	
A	8	12	22	27	32	37	41	
A	8	848832	1178731	1577436	2316936	4218056	17831876	
A	9	12	22	27	32	37	41	
A	9	1445806	2104622	3091854	4205498	7978533	35865102	
A	10	12	22	27	32	37	41	
A	10	1226582	1816914	2715877	3698689	7112174	28883587	
A	11	12	22	27	32	37	41	
A	11	1276890	1896613	2750122	3835683	7033197	32479352	
A	12	12	22	27	32	37	41	
A	12	1152273	1680743	2454047	3323053	6148742	25650012	
A	13	12	22	27	32	37	41	
A	13	1117125	1638749	2373093	3197706	5715597	25458700	
A	14	12	22	27	32	37	41	
A	14	1443810	2146857	3178300	4299785	7904859	37155206	
A	15	12	22	27	32	37	41	
A	15	1433125	2150667	3158097	4283599	7766823	38180091	
A	16	12	22	27	32	37	41	
A	16	1538259	2266296	3293563	4457436	8058508	37508705	
A	17	12	22	27	32	37	41	
A	17	1433044	2133394	3105969	4223663	7574872	36939093	
A	18	12	22	27	32	37	41	
A	18	1475122	2177577	3170883	4262945	7651628	36079620	
A	19	12	22	27	32	37	41	
A	19	1525403	2236643	3258456	4361742	7807928	35767295	
A	20	12	22	27	32	37	41	
A	20	1487176	2176673	3171583	4246499	7602652	35069953	
A	21	12	22	27	32	37	41	
A	21	1530155	2228118	3235280	4322258	7745251	34674675	
A	22	12	22	27	32	37	41	
A	22	1495470	2198018	3201509	4296571	7743428	34982470	
A	23	12	22	27	32	37	41	
A	23	1547057	2255956	3241473	4317163	7633288	35197905	
A	24	12	22	27	32	37	41	
A	24	1520520	2230832	3239246	4328575	7743946	34594245	
A	25	12	22	27	32	37	41	
A	25	1522022	2225740	3202629	4274896	7595292	35313685	
A	26	12	22	27	32	37	41	
A	26	1562923	2278091	3271936	4356713	7695473	35389994	
A	27	12	22	27	32	37	41	
A	27	1608409	2339373	3365531	4474014	7922371	35157751	
A	28	12	22	27	32	37	41	
A	28	1687320	2437626	3470159	4569724	7954830	35519802	
A	29	12	22	27	32	37	41	
A	29	1638065	2403996	3492234	4641420	8227971	35513900	
A	30	12	22	27	32	37	41	
A	30	1582825	2314631	3335411	4441316	7867098	34990210	
A	31	12	22	27	32	37	41	
A	31	1629625	2387624	3455788	4624939	8285407	35506955	
A	32	12	22	27	32	37	41	
A	32	1652693	2400344	3441990	4562180	7996265	35193092	
A	33	12	22	27	32	37	41	
A	33	1692922	2453937	3517337	4657232	8183616	34768275	
A	34	12	22	27	32	37	41	
A	34	1703570	2497079	3629116	4833314	8601174	35226374	
A	35	12	22	27	32	37	41	
A	35	1760796	2567693	3716832	4956523	8788640	35313864	
A	36	12	22	27	32	37	41	
A	36	1735999	2531361	3660869	4896561	8645658	34901923	
A	37	12	22	27	32	37	41	
A	37	1769238	2593708	3772549	5091110	8971185	35486367	
A	38	12	22	27	32	37	41	
A	38	1810703	2631428	3795643	5130818	8904010	35358801	
A	39	12	22	27	32	37	41	
A	39	1802037	2633470	3820516	5194048	8965358	35134335	
A	40	12	22	27	32	37	41	
A	40	1833039	2670687	3858174	5283276	9071364	35436036	
A	41	12	22	27	32	37	41	
A	41	1866253	2714750	3921050	5371478	9159321	35409287	
A	42	12	22	27	32	37	41	
A	42	1859579	2715256	3930813	5403689	9237186	34865951	
A	43	12	22	27	32	37	41	
A	43	1911494	2785554	4022315	5505092	9348026	35293011	
A	44	12	22	27	32	37	41	
A	44	1869615	2738247	3973068	5457015	9286078	35158983	
A	45	12	22	27	32	37	41	
A	45	1871440	2729971	3938586	5424709	9235199	34854208	
A	46	12	22	27	32	37	41	
A	46	1944651	2835664	4086055	5600231	9457621	35324622	
A	47	12	22	27	32	37	41	
A	47	1934466	2827801	4089382	5628499	9517695	35382970	
A	48	12	22	27	32	37	41	
A	48	1970646	2854994	4094346	5618753	9435023	34947523	
A	49	12	22	27	32	37	41	
A	49	1940068	2838181	4101156	5675135	9523470	35468365	
A	50	12	22	27	32	37	41	
A	50	1972166	2871807	4126272	5732297	9552544	35313138	
A	51	12	22	27	32	37	41	
A	51	1980124	2873949	4123981	5737198	9505505	34953129	
A	52	12	22	27	32	37	41	
A	52	1984262	2893123	4155625	5827465	9606278	35315822	
A	53	12	22	27	32	37	41	
A	53	2058898	2994442	4280878	6005481	9792521	35307033	
A	54	12	22	27	32	37	41	
A	54	2067902	2997657	4278951	6013118	9729252	34927851	
A	55	12	22	27	32	37	41	
A	55	2037514	2980665	4279154	6049359	9842953	35350605	
A	56	12	22	27	32	37	41	
A	56	2174293	3135254	4434747	6197039	9956891	35232374	
A	57	12	22	27	32	37	41	
A	57	2070907	3039439	4352392	6113074	9845669	34969588	
A	58	12	22	27	32	37	41	
A	58	2127979	3103305	4403724	6197188	9999182	35353850	
A	59	12	22	27	32	37	41	
A	59	2132457	3144727	4455170	6266013	10087419	35353536	
A	60	12	22	27	32	37	41	
A	60	2154595	3164787	4439038	6218156	9992762	35002904	
A	61	12	22	27	32	37	41	
A	61	2219635	3289322	4565391	6383094	10221116	35445498	
A	62	12	22	27	32	37	41	
A	62	2190593	3328360	4555937	6386412	10249564	35289941	
A	63	12	22	27	32	37	41	
A	63	2246156	3419995	4611317	6449046	10324207	35011562	
A	64	12	22	27	32	37	41	
A	64	2216515	3451265	4596122	6453023	10377456	35342325	
A	65	12	22	27	32	37	41	
A	65	2294472	3563539	4710466	6588274	10532666	35364404	
A	66	12	22	27	32	37	41	
A	66	2238765	3523327	4627703	6459995	10320506	34930237	
A	67	12	22	27	32	37	41	
A	67	2301163	3625632	4726023	6587775	10509590	35415966	
A	68	12	22	27	32	37	41	
A	68	2283874	3624621	4725351	6597806	10542652	35264891	
A	69	12	22	27	32	37	41	
A	69	2557704	3939749	5058719	6911112	10805291	35121960	
A	70	12	22	27	32	37	41	
A	70	2363697	3792789	5018761	6930230	10889755	35383229	
A	71	12	22	27	32	37	41	
A	71	2425832	3865638	5011269	6971703	11011348	35386795	
A	72	12	22	27	32	37	41	
A	72	2365174	3770720	4884704	6792368	10751830	34974120	
A	73	12	22	27	32	37	41	
A	73	2420618	3848417	4983311	6928415	10971336	35380595	
A	74	12	22	27	32	37	41	
A	74	2552740	4005833	5174293	7107951	11133584	35349460	
A	75	12	22	27	32	37	41	
A	75	2451016	3903869	5101652	7071016	11136293	35031742	
A	76	12	22	27	32	37	41	
A	76	2421153	4620134	6015207	9286014	15172701	35349018	
A	77	12	22	27	32	37	41	
A	77	2450205	4195121	5425942	8121972	13134602	35346483	
A	78	12	22	27	32	37	41	
A	78	2238635	3749410	4883209	7129777	11552816	34898694	
A	79	12	22	27	32	37	41	
A	79	2270319	3682235	4773859	6847421	11028619	35382411	
A	80	12	22	27	32	37	41	
A	80	2244176	3606134	4691342	6673468	10680472	35246147	
A	81	12	22	27	32	37	41	
A	81	2248437	3610595	4660591	6602055	10488642	35007681	
A	82	12	22	27	32	37	41	
A	82	2220179	3574477	4649952	6615831	10508307	35329701	
A	83	12	22	27	32	37	41	
A	83	2286175	3654741	4732053	6725773	10599021	35349326	
A	84	12	22	27	32	37	41	
A	84	2230218	3577105	4640533	6625768	10461555	34936870	
A	85	12	22	27	32	37	41	
A	85	2323359	3702744	4795279	6830746	10729367	35371599	
A	86	12	22	27	32	37	41	
A	86	2345232	3749380	4864026	6918244	10813763	35289039	
A	87	12	22	27	32	37	41	
A	87	2260658	3654436	4746363	6793377	10676924	34974078	
A	88	12	22	27	32	37	41	
A	88	2313299	3703575	4814421	6869858	10818867	35322156	
A	89	12	22	27	32	37	41	
A	89	2351089	3773438	4903673	6978567	10986909	35318922	
A	90	12	22	27	32	37	41	
A	90	2315463	3709464	4818201	6870054	10880810	34953418	
A	91	12	22	27	32	37	41	
A	91	2431039	3869930	5001222	7088318	11240226	35388991	
A	92	12	22	27	32	37	41	
A	92	2425467	3896170	5043454	7145541	11356897	35255498	
A	93	12	22	27	32	37	41	
A	93	2401490	3874284	5004055	7092090	11336703	34990778	
A	94	8	12	22	27	32	37	41	
A	94	1050	2473878	3986159	5126980	7249600	11639706	35374968	
A	95	8	12	22	27	32	37	41	
A	95	905	2488864	4015635	5172441	7307868	11802473	35380909	
A	96	12	22	27	32	37	41	
A	96	2500675	4031688	5184929	7286588	11842109	35008713	
A	97	12	22	27	32	37	41	
A	97	2587781	4195908	5364323	7509898	12257704	35415460	
A	98	8	12	22	27	32	37	41	
A	98	3259	2616365	4256544	5449931	7575037	12438111	35305354	
A	99	8	12	22	27	32	37	41	
A	99	4673	2615961	4263015	5460709	7564982	12443962	35014411	
A	100	8	12	22	27	32	37	41	
A	100	6056	2652608	4340066	5568687	7701207	12714191	35359715	
A	101	8	12	22	27	32	37	41	
A	101	7357	2806476	4506007	5772783	7905876	12971071	35346398	
A	102	8	12	22	27	32	37	41	
A	102	9124	2718275	4415430	5667035	7785148	12906617	34984306	
A	103	8	12	22	27	32	37	41	
A	103	14956	2795361	4485761	5805175	7919637	13193649	35384472	
A	104	8	12	22	27	32	37	41	
A	104	13307	2855502	4559604	5915346	7986159	13301731	35343451	
A	105	8	12	22	27	32	37	41	
A	105	23435	2901886	4560143	5934014	7990900	13328842	35080416	
A	106	8	12	22	27	32	37	41	
A	106	23663	3008345	4649382	6060468	8137540	13577539	35417645	
A	107	8	12	22	27	32	37	41	
A	107	26800	3065074	4718209	6171666	8271977	13798045	35420882	
A	108	8	12	22	27	32	37	41	
A	108	35495	3177769	4814903	6267379	8343207	13798752	35045004	
A	109	8	12	22	27	32	37	41	
A	109	59061	3264497	4949486	6429893	8543272	14075559	35454198	
A	110	8	12	22	27	32	37	41	
A	110	92944	3319618	5015296	6504959	8664984	14149405	35333606	
A	111	8	12	22	27	32	37	41	
A	111	161753	3319752	4998444	6468439	8723988	14101582	35076650	
A	112	8	12	22	27	32	37	41	
A	112	184536	3460066	5090537	6586368	8904063	14375603	35424449	
A	113	8	12	22	27	32	37	41	
A	113	256039	3533235	5181092	6685039	9119175	14526321	35404934	
A	114	8	12	22	27	32	37	41	
A	114	288213	3666926	5307252	6791162	9263615	14588518	35116369	
A	115	8	12	22	27	32	37	41	
A	115	352081	3726096	5395109	6912215	9523957	14902204	35471975	
A	116	8	12	22	27	32	37	41	
A	116	399645	3842157	5509228	7045657	9724260	15020971	35401790	
A	117	8	12	22	27	32	37	41	
A	117	433122	3850862	5562327	7107916	9813276	15057231	35166585	
A	118	8	12	22	27	32	37	41	
A	118	513854	3930025	5621825	7216406	10045638	15270069	35488296	
A	119	8	12	22	27	32	37	41	
A	119	570581	4130360	5871072	7501779	10379946	15466247	35520694	
A	120	8	12	22	27	32	37	41	
A	120	651046	3963171	5760746	7417584	10369941	15271331	35115199	
A	121	8	12	22	27	32	37	41	
A	121	728882	4056049	5836710	7526353	10604817	15482880	35501226	
A	122	8	12	22	27	32	37	41	
A	122	781053	4041307	5845381	7576656	10712614	15540408	35428829	
A	123	8	12	22	27	32	37	41	
A	123	812322	4222284	6071734	7850698	11017226	15713513	35196681	
A	124	8	12	22	27	32	37	41	
A	124	800648	4004408	5770487	7504077	10553330	15015397	33937712	
A	125	8	12	22	27	32	37	41	
A	125	778709	4046095	5802870	7628428	10699861	15190590	33869414	
A	126	8	12	22	27	32	37	41	
A	126	799257	4324125	6251520	8191896	11394029	16127440	35186693	
A	127	8	12	22	27	32	37	41	
A	127	845929	4451911	6433042	8394348	11651055	16409787	35599615	
A	128	8	12	22	27	32	37	41	
A	128	892346	4593841	6589120	8582113	11848457	16615220	35470261	
A	129	8	12	22	27	32	37	41	
A	129	835818	4463119	6402940	8356617	11395211	15844620	33718004	
A	130	8	12	22	27	32	37	41	
A	130	840215	4546556	6506109	8602660	11654308	16127774	34064146	
A	131	8	12	22	27	32	37	41	
A	131	897689	4804592	7011584	9298207	12460377	17229140	35556460	
A	132	8	12	22	27	32	37	41	
A	132	806676	4512059	6568216	8708649	11623362	16172259	33720163	
A	133	8	12	22	27	32	37	41	
A	133	816281	4637510	6752009	9049947	12032327	16647051	33984041	
A	134	8	12	22	27	32	37	41	
A	134	773263	4483469	6517372	8745441	11490880	15841023	32393159	
A	135	8	12	22	27	32	37	41	
A	135	801615	5028676	7308443	9869282	12934420	17920627	35260744	
A	136	8	12	22	27	32	37	41	
A	136	718861	4600760	6711001	8869441	11598402	16149811	32625194	
A	137	8	12	22	27	32	37	41	
A	137	801238	5212480	7658002	10164064	13235746	18453591	35572699	
A	138	8	12	22	27	32	37	41	
A	138	762566	5067552	7421531	9756119	12771516	17563629	33949760	
A	139	8	12	22	27	32	37	41	
A	139	848732	5127242	7420173	9940776	12997036	17897935	34142051	
A	140	8	12	22	27	32	37	41	
A	140	794047	4459456	6337927	8576831	11190949	15523170	30732392	
A	141	8	12	22	27	32	37	41	
A	141	704796	4799202	6843154	9358140	11994436	16621039	32162225	
A	142	8	12	22	27	32	37	41	
A	142	815756	5604010	7966242	10624908	13944055	19336596	35643612	
A	143	8	12	22	27	32	37	41	
A	143	812580	4773151	6811726	9127023	11661920	16179132	31165187	
A	144	8	12	22	27	32	37	41	
A	144	845371	5785317	8158239	11152440	14225925	19461528	35262413	
A	145	8	12	22	27	32	37	41	
A	145	825669	5230102	7621702	10127119	12870390	17613006	32647795	
A	146	8	12	22	27	32	37	41	
A	146	911039	5133991	7445398	10045864	12682078	17466556	32427738	
A	147	8	12	22	27	32	37	41	
A	147	847096	5528356	7769846	10307376	13072443	17837484	32440071	
A	148	8	12	22	27	32	37	41	
A	148	828898	5445556	7602806	10228271	13135080	17934079	32431346	
A	149	8	12	22	27	32	37	41	
A	149	850233	5297581	7555202	10131410	12656423	17181790	31072725	
T	0	12	22	27	32	37	41	
T	0	957395	957397	1651429	13578270	13578402	13578404	
T	1	12	22	27	32	37	
T	1	2453360	2453362	4321975	49097041	49097846	
T	2	12	22	27	32	37	
T	2	2246876	2280362	3977556	14731398	41261922	
T	3	12	22	27	32	37	
T	3	2596740	3049431	4605658	10170603	51488155	
T	4	12	22	27	32	37	41	
T	4	2363651	3321291	4248115	7956798	49567178	49567179	
T	5	12	22	27	32	37	41	
T	5	1100543	1508275	1986715	3366080	6511035	22358454	
T	6	12	22	27	32	37	41	
T	6	1291506	1632398	2237991	3733439	7041908	30586191	
T	7	12	22	27	32	37	41	
T	7	1251061	1746197	2280837	3602745	6710332	27689761	
T	8	12	22	27	32	37	41	
T	8	1405590	1995104	2754331	4042999	7662582	27909936	
T	9	12	22	27	32	37	41	
T	9	2081547	3079674	4594393	6273365	12050529	46445231	
T	10	12	22	27	32	37	41	
T	10	1451772	2132277	3138917	4202738	7687781	31279816	
T	11	12	22	27	32	37	41	
T	11	1757793	2606966	3764515	5203730	9501813	42007148	
T	12	12	22	27	32	37	41	
T	12	1683319	2478416	3605788	4840175	8667890	36067582	
T	13	12	22	27	32	37	41	
T	13	1732746	2567248	3750793	5034684	9109018	34972741	
T	14	12	22	27	32	37	41	
T	14	1472447	2149786	3135288	4177946	7465584	28426850	
T	15	12	22	27	32	37	41	
T	15	1576621	2333067	3398519	4547328	8095709	32141205	
T	16	12	22	27	32	37	41	
T	16	1837334	2697401	3927482	5264065	9434824	35749909	
T	17	12	22	27	32	37	41	
T	17	1796446	2656343	3871471	5211253	9281896	35714820	
T	18	12	22	27	32	37	41	
T	18	1766669	2574730	3731076	4946878	8684387	35103240	
T	19	12	22	27	32	37	41	
T	19	1879604	2725478	3958512	5244489	9285258	35176521	
T	20	12	22	27	32	37	41	
T	20	1838199	2653602	3839306	5066172	8831721	35008321	
T	21	12	22	27	32	37	41	
T	21	1929898	2781569	4023428	5315787	9396283	35024513	
T	22	12	22	27	32	37	41	
T	22	1874865	2708110	3898564	5137721	8966732	35264031	
T	23	12	22	27	32	37	41	
T	23	1976676	2862328	4121746	5438397	9526061	35340404	
T	24	12	22	27	32	37	41	
T	24	1973697	2849979	4093793	5370526	9266008	35469987	
T	25	12	22	27	32	37	41	
T	25	2043675	2959323	4267245	5629831	9862214	35818438	
T	26	12	22	27	32	37	41	
T	26	2062036	2978719	4296433	5670186	9947555	35349173	
T	27	12	22	27	32	37	41	
T	27	2101739	3030372	4366158	5741097	10029875	35315674	
T	28	12	22	27	32	37	41	
T	28	2147195	3098091	4461560	5857801	10195373	35337706	
T	29	12	22	27	32	37	41	
T	29	2138931	3100786	4499649	5911511	10313189	35080930	
T	30	12	22	27	32	37	41	
T	30	2090691	3025482	4370511	5770463	10132192	34912411	
T	31	12	22	27	32	37	41	
T	31	2066232	2981432	4282457	5638285	9763659	35107474	
T	32	12	22	27	32	37	41	
T	32	2117276	3051433	4389692	5772035	10028204	34954899	
T	33	12	22	27	32	37	41	
T	33	2175436	3131656	4504828	5915003	10265083	35266775	
T	34	12	22	27	32	37	41	
T	34	2193301	3182161	4610516	6069385	10574895	35443575	
T	35	12	22	27	32	37	41	
T	35	2222395	3208968	4624539	6089334	10556403	35456194	
T	36	12	22	27	32	37	41	
T	36	2223000	3205134	4614045	6089937	10501992	35378628	
T	37	12	22	27	32	37	41	
T	37	2237128	3236326	4668389	6198022	10618180	35629791	
T	38	12	22	27	32	37	41	
T	38	2252807	3242151	4657002	6212023	10557508	35246824	
T	39	12	22	27	32	37	41	
T	39	2279609	3291848	4745300	6359525	10760052	35200701	
T	40	12	22	27	32	37	41	
T	40	2287289	3297407	4747261	6403274	10776947	35208523	
T	41	12	22	27	32	37	41	
T	41	2295026	3306911	4753068	6419229	10759869	35022430	
T	42	12	22	27	32	37	41	
T	42	2315117	3338880	4802120	6490080	10831763	34914249	
T	43	12	22	27	32	37	41	
T	43	2338379	3370923	4839230	6532111	10871855	35280268	
T	44	12	22	27	32	37	41	
T	44	2310554	3345329	4823059	6523008	10867694	35156609	
T	45	12	22	27	32	37	41	
T	45	2329256	3360650	4824945	6545350	10908656	35392818	
T	46	12	22	27	32	37	41	
T	46	2386410	3444326	4936854	6665097	11033642	35550517	
T	47	12	22	27	32	37	41	
T	47	2370718	3421022	4909346	6647179	10993321	35430873	
T	48	12	22	27	32	37	41	
T	48	2397416	3444780	4927901	6675397	11021058	35259205	
T	49	12	22	27	32	37	41	
T	49	2398095	3463416	4969688	6763004	11122467	35501005	
T	50	12	22	27	32	37	41	
T	50	2401572	3459156	4943255	6769185	11066021	35103876	
T	51	12	22	27	32	37	41	
T	51	2435257	3501310	5003003	6865026	11168974	35080230	
T	52	12	22	27	32	37	41	
T	52	2441058	3516459	5018714	6932737	11202542	35203110	
T	53	12	22	27	32	37	41	
T	53	2486214	3575786	5087849	7043171	11285436	35073687	
T	54	12	22	27	32	37	41	
T	54	2455003	3538313	5048612	7019290	11208383	35039452	
T	55	12	22	27	32	37	41	
T	55	2451018	3548312	5067892	7065474	11301853	35392557	
T	56	12	22	27	32	37	41	
T	56	2543579	3645725	5152747	7137037	11337815	35230183	
T	57	12	22	27	32	37	41	
T	57	2495567	3627183	5171682	7176574	11395346	35353089	
T	58	12	22	27	32	37	41	
T	58	2537456	3669274	5194677	7219449	11486676	35474017	
T	59	12	22	27	32	37	41	
T	59	2556305	3725002	5252689	7286175	11552747	35246403	
T	60	12	22	27	32	37	41	
T	60	2583086	3754739	5256612	7275166	11534927	35123972	
T	61	12	22	27	32	37	41	
T	61	2626735	3860071	5353565	7404640	11706880	35338822	
T	62	12	22	27	32	37	41	
T	62	2589418	3880322	5304171	7347658	11636355	35040597	
T	63	12	22	27	32	37	41	
T	63	2652437	4001177	5396055	7462099	11788626	35049476	
T	64	12	22	27	32	37	41	
T	64	2611690	4017170	5348395	7417807	11769071	35235136	
T	65	12	22	27	32	37	41	
T	65	2656232	4084902	5403186	7479086	11817411	35132737	
T	66	12	22	27	32	37	41	
T	66	2632865	4093241	5387619	7444315	11758256	35155475	
T	67	12	22	27	32	37	41	
T	67	2677204	4170263	5451765	7528236	11882177	35422690	
T	68	12	22	27	32	37	41	
T	68	2672525	4182620	5464051	7546462	11919139	35198624	
T	69	12	22	27	32	37	41	
T	69	2929842	4483873	5786368	7867491	12225678	35240637	
T	70	12	22	27	32	37	41	
T	70	2775496	4383199	5794209	7914350	12304803	35346400	
T	71	12	22	27	32	37	41	
T	71	2816985	4418160	5743227	7903875	12341647	35177070	
T	72	12	22	27	32	37	41	
T	72	2788327	4372003	5675535	7801021	12202179	35030174	
T	73	12	22	27	32	37	41	
T	73	2833437	4436183	5749112	7901454	12359795	35302555	
T	74	12	22	27	32	37	41	
T	74	2897733	4497467	5823639	7940115	12342201	35001024	
T	75	12	22	27	32	37	41	
T	75	2855723	4495929	5872579	8056900	12540845	35078242	
T	76	12	22	27	32	37	41	
T	76	2869406	5193907	6798032	10180430	16327738	35279523	
T	77	12	22	27	32	37	41	
T	77	2863628	4756221	6168501	9021165	14352163	35134226	
T	78	12	22	27	32	37	41	
T	78	2726100	4437635	5776238	8251767	13139472	35138854	
T	79	12	22	27	32	37	41	
T	79	2745555	4356300	5661019	7980853	12641572	35416785	
T	80	12	22	27	32	37	41	
T	80	2694553	4244638	5532474	7753551	12238022	35130082	
T	81	12	22	27	32	37	41	
T	81	2712792	4284720	5554064	7762481	12168576	35198727	
T	82	12	22	27	32	37	41	
T	82	2686286	4239029	5520739	7742122	12121427	35315399	
T	83	12	22	27	32	37	41	
T	83	2711324	4266199	5541208	7775221	12101366	35117505	
T	84	12	22	27	32	37	41	
T	84	2678879	4226049	5494057	7740058	12056168	35032316	
T	85	12	22	27	32	37	41	
T	85	2742514	4308830	5594883	7869757	12206821	35284900	
T	86	12	22	27	32	37	41	
T	86	2745507	4319674	5613391	7894636	12200181	35044004	
T	87	12	22	27	32	37	41	
T	87	2716811	4313179	5607754	7908517	12247713	35168580	
T	88	12	22	27	32	37	41	
T	88	2753121	4333754	5645461	7946296	12345926	35327427	
T	89	12	22	27	32	37	41	
T	89	2791408	4399864	5725013	8038460	12477977	35182818	
T	90	12	22	27	32	37	41	
T	90	2783477	4384135	5702871	8012437	12510497	35140715	
T	91	12	22	27	32	37	41	
T	91	2887364	4528581	5862545	8197039	12812058	35339262	
T	92	12	22	27	32	37	41	
T	92	2888240	4558975	5906255	8251917	12920529	35104108	
T	93	12	22	27	32	37	41	
T	93	2895052	4588071	5931841	8285637	13042427	35170901	
T	94	8	12	22	27	32	37	41	
T	94	1242	2922159	4639192	5977310	8342506	13216404	35270273	
T	95	8	12	22	27	32	37	41	
T	95	1042	2927553	4648530	5990045	8344674	13289297	35093784	
T	96	12	22	27	32	37	41	
T	96	2945737	4677114	6017241	8358351	13394095	35046610	
T	97	12	22	27	32	37	41	
T	97	3009383	4811734	6155978	8514311	13702174	35289197	
T	98	8	12	22	27	32	37	41	
T	98	3744	3017639	4837161	6194257	8516201	13794623	35081746	
T	99	8	12	22	27	32	37	41	
T	99	5466	3049382	4897555	6275807	8602910	13949253	35166154	
T	100	8	12	22	27	32	37	41	
T	100	7207	3089140	4972715	6377759	8728074	14184336	35335458	
T	101	8	12	22	27	32	37	41	
T	101	8503	3208099	5086413	6526460	8858422	14338215	35131750	
T	102	8	12	22	27	32	37	41	
T	102	10688	3180359	5083993	6521173	8858637	14453935	35122702	
T	103	8	12	22	27	32	37	41	
T	103	16705	3239867	5128117	6622269	8946429	14653278	35326564	
T	104	8	12	22	27	32	37	41	
T	104	14717	3235901	5112007	6626326	8880297	14589210	35045535	
T	105	8	12	22	27	32	37	41	
T	105	25304	3289979	5128237	6658639	8908309	14664272	35109254	
T	106	8	12	22	27	32	37	41	
T	106	26563	3381858	5188277	6739747	8992342	14810604	35280365	
T	107	8	12	22	27	32	37	41	
T	107	28938	3421146	5222157	6799854	9053549	14913943	35121867	
T	108	8	12	22	27	32	37	41	
T	108	39538	3542839	5343801	6934172	9195824	15045089	35082969	
T	109	8	12	22	27	32	37	41	
T	109	65589	3628137	5459644	7079370	9373390	15287106	35344619	
T	110	8	12	22	27	32	37	41	
T	110	103587	3676806	5510729	7135659	9477295	15322630	35107239	
T	111	8	12	22	27	32	37	41	
T	111	181581	3728223	5569755	7192148	9668981	15459758	35156795	
T	112	8	12	22	27	32	37	41	
T	112	205473	3855801	5639125	7282551	9812675	15663858	35262075	
T	113	8	12	22	27	32	37	41	
T	113	284960	3903491	5696371	7333711	9979782	15727004	35095621	
T	114	8	12	22	27	32	37	41	
T	114	320327	4023711	5809338	7425386	10127270	15819070	35047553	
T	115	8	12	22	27	32	37	41	
T	115	385980	4056545	5858328	7491074	10308555	15987763	35233292	
T	116	8	12	22	27	32	37	41	
T	116	434800	4109945	5889445	7526132	10388459	15949379	35043126	
T	117	8	12	22	27	32	37	41	
T	117	472867	4147684	5980577	7624983	10525569	16050347	35074241	
T	118	8	12	22	27	32	37	41	
T	118	554491	4207484	6022013	7718153	10736292	16207364	35253694	
T	119	8	12	22	27	32	37	41	
T	119	611123	4357186	6201478	7930323	10995119	16304617	35100684	
T	120	8	12	22	27	32	37	41	
T	120	704244	4277907	6224015	8006275	11195637	16371877	35057732	
T	121	8	12	22	27	32	37	41	
T	121	785303	4389968	6317177	8143783	11459949	16582700	35287309	
T	122	8	12	22	27	32	37	41	
T	122	844619	4366008	6310613	8172617	11539323	16588398	35069319	
T	123	8	12	22	27	32	37	41	
T	123	877904	4546067	6543860	8471905	11893220	16843499	35034479	
T	124	8	12	22	27	32	37	41	
T	124	862770	4306439	6210349	8080981	11359697	16031514	33664433	
T	125	8	12	22	27	32	37	41	
T	125	828975	4303549	6168643	8112488	11373130	16031551	33394740	
T	126	8	12	22	27	32	37	41	
T	126	851561	4594917	6644998	8709681	12128198	17072250	34983225	
T	127	8	12	22	27	32	37	41	
T	127	892715	4666414	6755915	8833097	12280442	17236187	35239509	
T	128	8	12	22	27	32	37	41	
T	128	933895	4782119	6884988	8984030	12423609	17368331	35035140	
T	129	8	12	22	27	32	37	41	
T	129	881128	4679682	6737006	8819991	12062307	16734566	33570504	
T	130	8	12	22	27	32	37	41	
T	130	889154	4749640	6815864	9041919	12269250	16939447	33698302	
T	131	8	12	22	27	32	37	41	
T	131	949045	5050398	7372094	9796811	13132430	18094421	35044154	
T	132	8	12	22	27	32	37	41	
T	132	862328	4766251	6946921	9247390	12358686	17164072	33514418	
T	133	8	12	22	27	32	37	41	
T	133	868817	4892075	7127171	9575181	12738052	17571532	33617734	
T	134	8	12	22	27	32	37	41	
T	134	825823	4693635	6823394	9193161	12088056	16638566	31911360	
T	135	8	12	22	27	32	37	41	
T	135	852771	5307837	7699226	10420259	13651621	18848711	34977774	
T	136	8	12	22	27	32	37	41	
T	136	759436	4748798	6926689	9221946	12094551	16863886	32196906	
T	137	8	12	22	27	32	37	41	
T	137	836156	5373416	7894877	10523991	13724069	19125498	35001738	
T	138	8	12	22	27	32	37	41	
T	138	798489	5187892	7608871	10078392	13242874	18252481	33607590	
T	139	8	12	22	27	32	37	41	
T	139	881161	5275554	7648265	10292936	13478938	18567321	33707984	
T	140	8	12	22	27	32	37	41	
T	140	829909	4570227	6520313	8866396	11595670	16112240	30277567	
T	141	8	12	22	27	32	37	41	
T	141	746303	5011929	7144032	9803547	12584006	17415618	31915076	
T	142	8	12	22	27	32	37	41	
T	142	854733	5804403	8250138	11041288	14499396	20047509	35094106	
T	143	8	12	22	27	32	37	41	
T	143	860764	4899086	7015189	9455553	12127803	16832824	30614850	
T	144	8	12	22	27	32	37	41	
T	144	891209	6015000	8471040	11614637	14831815	20251447	34848638	
T	145	8	12	22	27	32	37	41	
T	145	872112	5379479	7831525	10471449	13345739	18260648	32150406	
T	146	8	12	22	27	32	37	41	
T	146	952682	5255360	7625105	10342207	13091271	18039244	31859880	
T	147	8	12	22	27	32	37	41	
T	147	877116	5575255	7865656	10521591	13398888	18350220	31991272	
T	148	8	12	22	27	32	37	41	
T	148	854270	5522938	7732734	10463349	13464938	18423014	31965481	
T	149	8	12	22	27	32	37	41	
T	149	879753	5302444	7580967	10244965	12842455	17511467	30420860	
G	0	12	22	27	32	37	41	
G	0	2629259	2629272	4735870	72956438	72956844	72956848	
G	1	12	22	27	32	37	
G	1	1722370	1722373	3132948	33054857	33055625	
G	2	12	22	27	32	37	
G	2	1569814	1600026	2868866	10894028	33263198	
G	3	12	22	27	32	37	
G	3	1158769	1355817	2113116	4725019	23574035	
G	4	12	22	27	32	37	41	
G	4	1165875	1644869	2110852	4009213	26798533	26798534	
G	5	12	22	27	32	37	41	
G	5	1720388	2464936	3323366	6528927	12843049	56158454	
G	6	12	22	27	32	37	41	
G	6	1541935	2068020	2898070	5415237	10670254	47705456	
G	7	12	22	27	32	37	41	
G	7	1422838	2080696	2769182	4730762	8722769	43397953	
G	8	12	22	27	32	37	41	
G	8	1335200	2018915	2763066	4296541	7932087	38848259	
G	9	12	22	27	32	37	41	
G	9	992953	1547037	2188947	3012397	5242493	25116435	
G	10	12	22	27	32	37	41	
G	10	1944692	3327137	4849139	6838651	12445453	64516299	
G	11	12	22	27	32	37	41	
G	11	1264533	2050057	2932121	4201464	7444138	35244715	
G	12	12	22	27	32	37	41	
G	12	1638023	2725350	3927103	5501471	9725893	49509968	
G	13	12	22	27	32	37	41	
G	13	1296590	2128803	3019949	4175152	7220134	35328570	
G	14	12	22	27	32	37	41	
G	14	1545288	2561528	3667513	5072653	8919228	45459442	
G	15	12	22	27	32	37	41	
G	15	1433306	2409086	3453804	4828547	8497696	42575465	
G	16	12	22	27	32	37	41	
G	16	1459806	2376966	3355100	4640241	7998099	39860109	
G	17	12	22	27	32	37	41	
G	17	1451307	2415021	3456080	4845142	8464987	40358401	
G	18	12	22	27	32	37	41	
G	18	1543182	2557471	3657978	5068883	8917416	41584342	
G	19	12	22	27	32	37	41	
G	19	1586781	2590184	3673703	5030925	8679232	41289519	
G	20	12	22	27	32	37	41	
G	20	1606097	2630247	3768333	5185471	9121170	41165097	
G	21	12	22	27	32	37	41	
G	21	1642550	2666277	3772884	5155676	8947066	41656006	
G	22	12	22	27	32	37	41	
G	22	1645766	2699874	3880772	5348618	9468701	41242621	
G	23	12	22	27	32	37	41	
G	23	1684203	2748542	3921187	5382504	9410447	41063090	
G	24	12	22	27	32	37	41	
G	24	1702617	2808850	4032712	5551228	9798475	41378115	
G	25	12	22	27	32	37	41	
G	25	1713827	2808115	4030607	5546350	9724245	40811181	
G	26	12	22	27	32	37	41	
G	26	1740963	2852579	4090764	5631110	9882812	41111104	
G	27	12	22	27	32	37	41	
G	27	1773660	2877014	4062275	5542942	9534782	41372545	
G	28	12	22	27	32	37	41	
G	28	1863454	3025199	4277698	5822433	10029573	41220824	
G	29	12	22	27	32	37	41	
G	29	1781708	2923689	4138710	5637302	9659660	41214250	
G	30	12	22	27	32	37	41	
G	30	1790392	2934178	4185268	5750916	10016745	41642837	
G	31	12	22	27	32	37	41	
G	31	1759247	2870808	4077060	5592247	9597898	41212112	
G	32	12	22	27	32	37	41	
G	32	1826206	2969107	4226812	5779060	9969895	41277491	
G	33	12	22	27	32	37	41	
G	33	1860436	2996731	4220866	5713750	9709461	41403014	
G	34	12	22	27	32	37	41	
G	34	1851120	3018383	4315012	5836582	9947543	40990269	
G	35	12	22	27	32	37	41	
G	35	1875627	3040803	4354676	5900719	10078306	40971281	
G	36	12	22	27	32	37	41	
G	36	1880096	3055197	4377439	5971184	10156621	41327381	
G	37	12	22	27	32	37	41	
G	37	1869321	3050644	4385697	6048419	10173023	40909470	
G	38	12	22	27	32	37	41	
G	38	1929197	3120657	4466957	6216193	10338885	41111766	
G	39	12	22	27	32	37	41	
G	39	1933470	3153330	4516686	6348795	10423707	41378178	
G	40	12	22	27	32	37	41	
G	40	1961321	3186042	4557439	6465269	10508220	41205147	
G	41	12	22	27	32	37	41	
G	41	1959802	3183110	4547134	6477719	10486388	41202266	
G	42	12	22	27	32	37	41	
G	42	1977559	3226712	4608605	6580383	10607907	41637075	
G	43	12	22	27	32	37	41	
G	43	1997902	3249823	4631855	6595666	10606524	41080180	
G	44	12	22	27	32	37	41	
G	44	1958780	3215120	4592109	6556559	10548343	41120159	
G	45	12	22	27	32	37	41	
G	45	1974869	3218682	4593473	6577510	10597072	41262583	
G	46	12	22	27	32	37	41	
G	46	2031959	3301681	4691434	6664530	10641346	40895644	
G	47	12	22	27	32	37	41	
G	47	2007568	3274947	4659570	6655262	10653003	40958656	
G	48	12	22	27	32	37	41	
G	48	2077688	3364301	4766079	6788338	10823465	41384712	
G	49	12	22	27	32	37	41	
G	49	2023826	3306922	4703055	6739097	10742809	40966283	
G	50	12	22	27	32	37	41	
G	50	2059063	3347397	4742511	6814233	10825158	41200881	
G	51	12	22	27	32	37	41	
G	51	2084013	3383809	4792123	6889098	10896900	41314836	
G	52	12	22	27	32	37	41	
G	52	2082931	3392630	4809057	6944799	10954845	41163814	
G	53	12	22	27	32	37	41	
G	53	2135436	3464954	4885358	7045881	11031111	41156816	
G	54	12	22	27	32	37	41	
G	54	2175512	3537736	4982885	7194357	11198350	41487629	
G	55	12	22	27	32	37	41	
G	55	2115951	3462650	4898001	7103142	11092917	40992912	
G	56	12	22	27	32	37	41	
G	56	2245386	3612352	5051424	7255639	11240976	41031841	
G	57	12	22	27	32	37	41	
G	57	2173159	3590034	5047293	7275910	11269240	41234221	
G	58	12	22	27	32	37	41	
G	58	2227227	3626084	5077175	7328333	11358852	40982867	
G	59	12	22	27	32	37	41	
G	59	2214919	3647531	5086069	7338887	11363722	40945453	
G	60	12	22	27	32	37	41	
G	60	2283999	3748211	5192795	7470696	11553359	41437156	
G	61	12	22	27	32	37	41	
G	61	2313050	3823147	5245427	7519652	11582100	41032866	
G	62	12	22	27	32	37	41	
G	62	2294615	3881309	5253098	7557843	11652906	41187033	
G	63	12	22	27	32	37	41	
G	63	2356325	3990898	5348880	7678547	11807639	41414769	
G	64	12	22	27	32	37	41	
G	64	2329017	4014757	5319519	7658486	11813333	41116827	
G	65	12	22	27	32	37	41	
G	65	2372295	4076866	5372200	7705970	11843631	41076727	
G	66	12	22	27	32	37	41	
G	66	2370941	4141086	5417937	7764454	11917715	41348883	
G	67	12	22	27	32	37	41	
G	67	2392314	4157124	5409885	7735720	11849177	40946565	
G	68	12	22	27	32	37	41	
G	68	2389999	4187702	5449959	7800266	11963972	41049382	
G	69	12	22	27	32	37	41	
G	69	2662035	4526783	5805091	8164764	12322126	41314433	
G	70	12	22	27	32	37	41	
G	70	2487660	4462459	5810206	8208304	12376470	41071819	
G	71	12	22	27	32	37	41	
G	71	2525939	4452137	5748267	8205072	12443734	41085499	
G	72	12	22	27	32	37	41	
G	72	2526669	4457317	5755209	8210545	12482121	41459698	
G	73	12	22	27	32	37	41	
G	73	2544988	4447874	5747088	8173454	12420306	41036766	
G	74	12	22	27	32	37	41	
G	74	2676032	4633665	5958752	8394633	12661817	41175282	
G	75	12	22	27	32	37	41	
G	75	2596064	4587823	5945033	8431469	12736084	41361692	
G	76	12	22	27	32	37	41	
G	76	2653878	5976621	7572001	12250354	19579787	41066443	
G	77	12	22	27	32	37	41	
G	77	2581079	4968670	6360228	9801192	15336385	41104908	
G	78	12	22	27	32	37	41	
G	78	2407953	4488209	5789489	8648445	13454477	41373605	
G	79	12	22	27	32	37	41	
G	79	2401436	4279384	5525610	8089071	12506898	40972780	
G	80	12	22	27	32	37	41	
G	80	2399665	4243691	5490471	7949814	12219790	41132512	
G	81	12	22	27	32	37	41	
G	81	2425404	4272821	5501382	7920699	12104190	41324550	
G	82	12	22	27	32	37	41	
G	82	2395117	4227432	5465475	7873675	12037340	41076844	
G	83	12	22	27	32	37	41	
G	83	2451280	4290165	5533709	7948110	12112211	41108098	
G	84	12	22	27	32	37	41	
G	84	2454275	4310051	5567791	8021302	12241620	41466211	
G	85	12	22	27	32	37	41	
G	85	2502956	4351444	5619250	8061725	12283638	41034837	
G	86	12	22	27	32	37	41	
G	86	2542490	4438357	5722488	8191502	12435612	41151136	
G	87	12	22	27	32	37	41	
G	87	2467205	4366379	5644328	8127751	12414960	41307091	
G	88	12	22	27	32	37	41	
G	88	2500528	4368894	5649381	8116392	12423631	41011391	
G	89	12	22	27	32	37	41	
G	89	2521435	4421232	5707791	8188254	12552186	41049711	
G	90	12	22	27	32	37	41	
G	90	2534372	4438588	5731534	8241844	12719493	41368852	
G	91	12	22	27	32	37	41	
G	91	2610768	4522005	5820304	8313284	12861709	40968773	
G	92	12	22	27	32	37	41	
G	92	2631151	4602636	5922336	8453736	13106911	41102871	
G	93	12	22	27	32	37	41	
G	93	2632741	4621773	5935776	8486308	13266729	41285547	
G	94	8	12	22	27	32	37	41	
G	94	2666	2696574	4708841	6028770	8589559	13484460	41046974	
G	95	8	12	22	27	32	37	41	
G	95	2337	2702048	4715597	6055910	8620000	13648870	41078544	
G	96	12	22	27	32	37	41	
G	96	2760661	4824871	6184031	8764520	13966055	41385508	
G	97	12	22	27	32	37	41	
G	97	2800389	4892013	6252774	8805722	14105576	40976296	
G	98	8	12	22	27	32	37	41	
G	98	7258	2824768	4964718	6351535	8902784	14377018	41100530	
G	99	8	12	22	27	32	37	41	
G	99	10711	2831584	4970974	6371457	8918006	14465348	41277709	
G	100	8	12	22	27	32	37	41	
G	100	13919	2857009	5002519	6428594	8965568	14539809	41008179	
G	101	8	12	22	27	32	37	41	
G	101	16212	2982191	5131846	6590622	9111855	14721156	41020026	
G	102	8	12	22	27	32	37	41	
G	102	20005	2940012	5127151	6601843	9150111	14922273	41335564	
G	103	8	12	22	27	32	37	41	
G	103	32593	2979614	5101905	6626353	9111520	14880901	40953181	
G	104	8	12	22	27	32	37	41	
G	104	28980	3066171	5200121	6782054	9229502	15040351	41087451	
G	105	8	12	22	27	32	37	41	
G	105	52906	3139330	5214858	6826223	9266757	15111786	41305386	
G	106	8	12	22	27	32	37	41	
G	106	51165	3252470	5260745	6893406	9318134	15148357	40981343	
G	107	8	12	22	27	32	37	41	
G	107	55034	3299677	5288275	6954317	9387241	15263877	41039671	
G	108	8	12	22	27	32	37	41	
G	108	73351	3480248	5492652	7181837	9642490	15540831	41331568	
G	109	8	12	22	27	32	37	41	
G	109	122103	3532954	5513869	7195862	9638424	15475211	40939061	
G	110	8	12	22	27	32	37	41	
G	110	193520	3623365	5610026	7297584	9802778	15614756	41064520	
G	111	8	12	22	27	32	37	41	
G	111	339571	3671901	5630976	7302943	9935798	15694593	41220725	
G	112	8	12	22	27	32	37	41	
G	112	379316	3837718	5689806	7361210	10018447	15739759	40984875	
G	113	8	12	22	27	32	37	41	
G	113	531909	3927443	5772102	7432385	10203541	15849682	40993155	
G	114	8	12	22	27	32	37	41	
G	114	606292	4141932	5973948	7622842	10484367	16118447	41299057	
G	115	8	12	22	27	32	37	41	
G	115	728926	4157986	5971155	7620763	10572051	16127964	40949986	
G	116	8	12	22	27	32	37	41	
G	116	831814	4265997	6079172	7741227	10773523	16286167	41015656	
G	117	8	12	22	27	32	37	41	
G	117	910679	4330405	6171633	7850351	10931448	16421234	41242154	
G	118	8	12	22	27	32	37	41	
G	118	1065590	4377476	6171758	7879643	11036718	16404129	40951174	
G	119	8	12	22	27	32	37	41	
G	119	1173362	4532134	6383987	8116706	11325938	16579527	40981890	
G	120	8	12	22	27	32	37	41	
G	120	1377807	4484773	6447570	8232318	11597989	16776212	41314148	
G	121	8	12	22	27	32	37	41	
G	121	1503813	4496980	6383012	8170184	11600895	16637821	40889006	
G	122	8	12	22	27	32	37	41	
G	122	1631987	4518434	6429961	8266626	11767428	16772517	40983896	
G	123	8	12	22	27	32	37	41	
G	123	1724155	4729223	6688375	8605158	12161427	17104701	41181694	
G	124	8	12	22	27	32	37	41	
G	124	1659740	4440098	6292486	8128308	11494162	16099430	39095049	
G	125	8	12	22	27	32	37	41	
G	125	1610626	4437990	6294089	8222650	11628567	16290810	39091354	
G	126	8	12	22	27	32	37	41	
G	126	1674883	4785620	6879852	8958380	12563506	17584572	41250126	
G	127	8	12	22	27	32	37	41	
G	127	1733562	4843029	6926688	9013214	12567131	17539965	40902990	
G	128	8	12	22	27	32	37	41	
G	128	1870799	5037011	7133491	9283371	12835040	17852248	41000741	
G	129	8	12	22	27	32	37	41	
G	129	1768823	4904637	6949229	9093874	12415474	17125092	39399354	
G	130	8	12	22	27	32	37	41	
G	130	1749359	4956019	7019895	9293096	12574028	17239062	39142681	
G	131	8	12	22	27	32	37	41	
G	131	1842356	5258118	7598898	10106793	13518623	18551300	40930220	
G	132	8	12	22	27	32	37	41	
G	132	1679674	5034228	7230140	9654016	12809292	17697756	39478418	
G	133	8	12	22	27	32	37	41	
G	133	1717800	5095500	7322640	9878782	13032790	17890309	39059112	
G	134	8	12	22	27	32	37	41	
G	134	1585221	4912690	7067960	9558429	12452348	17044143	37397795	
G	135	8	12	22	27	32	37	41	
G	135	1688807	5547999	8029097	10929525	14235588	19594556	41152259	
G	136	8	12	22	27	32	37	41	
G	136	1454307	4965821	7178310	9622527	12444471	17277430	37479175	
G	137	8	12	22	27	32	37	41	
G	137	1680564	5663289	8247255	11047790	14280248	19851267	40920947	
G	138	8	12	22	27	32	37	41	
G	138	1691028	5530073	8022155	10730768	13919279	19102240	39634714	
G	139	8	12	22	27	32	37	41	
G	139	1793252	5599005	8006513	10835871	14013064	19166476	39149853	
G	140	8	12	22	27	32	37	41	
G	140	1647783	4918521	6851423	9410217	12088167	16649943	35499846	
G	141	8	12	22	27	32	37	41	
G	141	1469497	5228225	7481622	10350204	13151656	18136838	37536218	
G	142	8	12	22	27	32	37	41	
G	142	1678952	6039033	8544374	11514372	15004691	20853624	40835719	
G	143	8	12	22	27	32	37	41	
G	143	1690651	5261199	7335743	10016540	12533174	17306373	35818394	
G	144	8	12	22	27	32	37	41	
G	144	1807130	6352636	8973121	12400558	15704038	21419107	41188917	
G	145	8	12	22	27	32	37	41	
G	145	1747792	5702330	8174875	11071877	13808080	18841390	37422381	
G	146	8	12	22	27	32	37	41	
G	146	1856485	5708066	8096162	11140140	13770107	18823091	37389022	
G	147	8	12	22	27	32	37	41	
G	147	1742720	6009290	8350042	11319141	14162001	19330599	37707498	
G	148	8	12	22	27	32	37	41	
G	148	1724530	5866416	8126650	11087353	14074734	19198399	37250878	
G	149	8	12	22	27	32	37	41	
G	149	1689490	5724513	8066081	11034164	13556934	18307611	35697488	
C	0	12	22	27	32	37	41	
C	0	1596596	1596600	2896919	39897951	39898073	39898075	
C	1	12	22	27	32	37	
C	1	1642702	1642704	2891387	43572811	43573539	
C	2	12	22	27	32	37	
C	2	1674498	1704283	2884002	12725952	46685976	
C	3	12	22	27	32	37	
C	3	1865785	2156303	3274525	8032573	57047040	
C	4	12	22	27	32	37	
C	4	1017688	1374270	1687204	3161148	26342027	
C	5	12	22	27	32	37	41	
C	5	831779	1130156	1447327	2746942	5275807	23784433	
C	6	12	22	27	32	37	41	
C	6	1049699	1344612	1815501	3337232	6380530	32908861	
C	7	12	22	27	32	37	41	
C	7	1092799	1552505	1980940	3456831	6335228	34770929	
C	8	12	22	27	32	37	41	
C	8	1732324	2650787	3565932	5914756	11311118	68474412	
C	9	12	22	27	32	37	41	
C	9	1442914	2330999	3313786	4656923	8551628	45636906	
C	10	12	22	27	32	37	41	
C	10	1013063	1622629	2254472	3072341	5462463	28378544	
C	11	12	22	27	32	37	41	
C	11	1274674	2085183	2879920	4151523	7460667	43332930	
C	12	12	22	27	32	37	41	
C	12	1327681	2165548	2997378	4131993	7336054	41835657	
C	13	12	22	27	32	37	41	
C	13	1629757	2797824	3893639	5488215	9861924	57302326	
C	14	12	22	27	32	37	41	
C	14	1338390	2220462	3100734	4293154	7626307	42020162	
C	15	12	22	27	32	37	41	
C	15	1279613	2136134	2965887	4123235	7265228	40167547	
C	16	12	22	27	32	37	41	
C	16	1360598	2223651	3076073	4268854	7463541	39944365	
C	17	12	22	27	32	37	41	
C	17	1346964	2233914	3089207	4321005	7559140	40050827	
C	18	12	22	27	32	37	41	
C	18	1374561	2267712	3130743	4314563	7565534	40294698	
C	19	12	22	27	32	37	41	
C	19	1424016	2334616	3223397	4417002	7736757	40829146	
C	20	12	22	27	32	37	41	
C	20	1453706	2387406	3304208	4529878	7955240	41821032	
C	21	12	22	27	32	37	41	
C	21	1484703	2425507	3362470	4608793	8093041	41709151	
C	22	12	22	27	32	37	41	
C	22	1477885	2430287	3371787	4632439	8143012	41574642	
C	23	12	22	27	32	37	41	
C	23	1535780	2507153	3454879	4728597	8268271	41458039	
C	24	12	22	27	32	37	41	
C	24	1549322	2552139	3533443	4839215	8444147	41621301	
C	25	12	22	27	32	37	41	
C	25	1583143	2587297	3579637	4905221	8598601	41119415	
C	26	12	22	27	32	37	41	
C	26	1603358	2621086	3629918	4975744	8739602	41213116	
C	27	12	22	27	32	37	41	
C	27	1622372	2642407	3629754	4952186	8583600	41218462	
C	28	12	22	27	32	37	41	
C	28	1690883	2752390	3783705	5140096	8872512	40982883	
C	29	12	22	27	32	37	41	
C	29	1638138	2707146	3732902	5085780	8802343	41255243	
C	30	12	22	27	32	37	41	
C	30	1651042	2703517	3736827	5117092	8934259	41514745	
C	31	12	22	27	32	37	41	
C	31	1656428	2681935	3678022	4999038	8613595	41234475	
C	32	12	22	27	32	37	41	
C	32	1737506	2807501	3864827	5255427	9091605	41637717	
C	33	12	22	27	32	37	41	
C	33	1734517	2803994	3860987	5223137	8969335	41623782	
C	34	12	22	27	32	37	41	
C	34	1742954	2838223	3947232	5316969	9137734	41402204	
C	35	12	22	27	32	37	41	
C	35	1773013	2864865	3977809	5357721	9179454	41323157	
C	36	12	22	27	32	37	41	
C	36	1782434	2885116	4011255	5443040	9263524	41455463	
C	37	12	22	27	32	37	41	
C	37	1780991	2882551	4005043	5486628	9193727	41037312	
C	38	12	22	27	32	37	41	
C	38	1830443	2946506	4085934	5673623	9400898	41339037	
C	39	12	22	27	32	37	41	
C	39	1834537	2972394	4132126	5801373	9510737	41348597	
C	40	12	22	27	32	37	41	
C	40	1860066	3000617	4166739	5912475	9568308	41214578	
C	41	12	22	27	32	37	41	
C	41	1875697	3027890	4194245	5981944	9630915	41430229	
C	42	12	22	27	32	37	41	
C	42	1905802	3078665	4261853	6070272	9701136	41646809	
C	43	12	22	27	32	37	41	
C	43	1916947	3096742	4271660	6080438	9701894	41410413	
C	44	12	22	27	32	37	41	
C	44	1891511	3084666	4272380	6103787	9752810	41621568	
C	45	12	22	27	32	37	41	
C	45	1912978	3089194	4269266	6104523	9748489	41554401	
C	46	12	22	27	32	37	41	
C	46	1969590	3175846	4371143	6207586	9829146	41291892	
C	47	12	22	27	32	37	41	
C	47	1946710	3149335	4335843	6187908	9805926	41288691	
C	48	12	22	27	32	37	41	
C	48	2009360	3229134	4440301	6315950	9979660	41472560	
C	49	12	22	27	32	37	41	
C	49	1974683	3192397	4402370	6299341	9934503	41125456	
C	50	12	22	27	32	37	41	
C	50	2000787	3222479	4430510	6366427	9995319	41444275	
C	51	12	22	27	32	37	41	
C	51	2021157	3252363	4473228	6433136	10059852	41464528	
C	52	12	22	27	32	37	41	
C	52	2026469	3270975	4493597	6498373	10119672	41379620	
C	53	12	22	27	32	37	41	
C	53	2081518	3348275	4578152	6621898	10223779	41524843	
C	54	12	22	27	32	37	41	
C	54	2101620	3395226	4647275	6731976	10341862	41608245	
C	55	12	22	27	32	37	41	
C	55	2083164	3367736	4615425	6700761	10307897	41323590	
C	56	12	22	27	32	37	41	
C	56	2207249	3519235	4772882	6871103	10486775	41568868	
C	57	12	22	27	32	37	41	
C	57	2141206	3496277	4771058	6885800	10506265	41507030	
C	58	12	22	27	32	37	41	
C	58	2174968	3510943	4773168	6904166	10560352	41253357	
C	59	12	22	27	32	37	41	
C	59	2180388	3551342	4804006	6937863	10577444	41260522	
C	60	12	22	27	32	37	41	
C	60	2225626	3619872	4871366	7020752	10700165	41499555	
C	61	12	22	27	32	37	41	
C	61	2247439	3686975	4914539	7068843	10748597	41246653	
C	62	12	22	27	32	37	41	
C	62	2235830	3751998	4924536	7108736	10811696	41545794	
C	63	12	22	27	32	37	41	
C	63	2301423	3862159	5022139	7224414	10957971	41588138	
C	64	12	22	27	32	37	41	
C	64	2266774	3879490	4983609	7198697	10953484	41368417	
C	65	12	22	27	32	37	41	
C	65	2314137	3950358	5046514	7263842	11007175	41490532	
C	66	12	22	27	32	37	41	
C	66	2324924	4027371	5114676	7345647	11107941	41627991	
C	67	12	22	27	32	37	41	
C	67	2339904	4037333	5101803	7310239	11041671	41277382	
C	68	12	22	27	32	37	41	
C	68	2358348	4094094	5164800	7408354	11191895	41551519	
C	69	12	22	27	32	37	41	
C	69	2548532	4320648	5403125	7643892	11411031	41386473	
C	70	12	22	27	32	37	41	
C	70	2426545	4315731	5464327	7739456	11506339	41262592	
C	71	12	22	27	32	37	41	
C	71	2453352	4298989	5386807	7722648	11581765	41411524	
C	72	12	22	27	32	37	41	
C	72	2459464	4309972	5398210	7720398	11577570	41596953	
C	73	12	22	27	32	37	41	
C	73	2466041	4289651	5371044	7673494	11509293	41343374	
C	74	12	22	27	32	37	41	
C	74	2579840	4457965	5566816	7881343	11732015	41537436	
C	75	12	22	27	32	37	41	
C	75	2521768	4435057	5577718	7936291	11818413	41591869	
C	76	12	22	27	32	37	41	
C	76	2416913	5644802	7029565	11762196	19379284	41367873	
C	77	12	22	27	32	37	41	
C	77	2417543	4669511	5856466	9085929	14272378	41478258	
C	78	12	22	27	32	37	41	
C	78	2333774	4325673	5443271	8130353	12552527	41651920	
C	79	12	22	27	32	37	41	
C	79	2336253	4143287	5207957	7634570	11690360	41291947	
C	80	12	22	27	32	37	41	
C	80	2334006	4109050	5167688	7503528	11419895	41555191	
C	81	12	22	27	32	37	41	
C	81	2339878	4116053	5162673	7463829	11298187	41533292	
C	82	12	22	27	32	37	41	
C	82	2317231	4075511	5123322	7410910	11211523	41338837	
C	83	12	22	27	32	37	41	
C	83	2341746	4100017	5142675	7442355	11234099	41489519	
C	84	12	22	27	32	37	41	
C	84	2346359	4125497	5181056	7508687	11348823	41628580	
C	85	12	22	27	32	37	41	
C	85	2401170	4178319	5235636	7563234	11410719	41372434	
C	86	12	22	27	32	37	41	
C	86	2425825	4246700	5317924	7674497	11538494	41577896	
C	87	12	22	27	32	37	41	
C	87	2379898	4203727	5275029	7644305	11556834	41613743	
C	88	12	22	27	32	37	41	
C	88	2423117	4223005	5302012	7657771	11603580	41396298	
C	89	12	22	27	32	37	41	
C	89	2447045	4278852	5362570	7736547	11732203	41511963	
C	90	12	22	27	32	37	41	
C	90	2467277	4302186	5397373	7792041	11895351	41601396	
C	91	12	22	27	32	37	41	
C	91	2550021	4401724	5493795	7880973	12071362	41367036	
C	92	12	22	27	32	37	41	
C	92	2550118	4456977	5563122	7987504	12273559	41601637	
C	93	12	22	27	32	37	41	
C	93	2546895	4473126	5581230	8026924	12444852	41616173	
C	94	8	12	22	27	32	37	41	
C	94	2363	2586621	4525654	5623365	8065160	12581485	41362950	
C	95	8	12	22	27	32	37	41	
C	95	2127	2591401	4533127	5644513	8092669	12742647	41507690	
C	96	12	22	27	32	37	41	
C	96	2644836	4631039	5757917	8219506	13039249	41623129	
C	97	12	22	27	32	37	41	
C	97	2704197	4746522	5868861	8318232	13264308	41383255	
C	98	8	12	22	27	32	37	41	
C	98	6832	2715722	4795433	5943675	8400909	13545372	41574226	
C	99	8	12	22	27	32	37	41	
C	99	9930	2742030	4827567	6003474	8454366	13671768	41602070	
C	100	8	12	22	27	32	37	41	
C	100	12596	2773889	4863387	6056550	8495706	13744675	41357681	
C	101	8	12	22	27	32	37	41	
C	101	14934	2909280	5023109	6253423	8696796	13996605	41564377	
C	102	8	12	22	27	32	37	41	
C	102	18754	2855582	4983521	6217555	8672455	14112298	41620457	
C	103	8	12	22	27	32	37	41	
C	103	31716	2911535	4987381	6260820	8664968	14118116	41399893	
C	104	8	12	22	27	32	37	41	
C	104	27743	2958187	5041392	6364992	8732051	14222409	41587570	
C	105	8	12	22	27	32	37	41	
C	105	50091	3012574	5027269	6376035	8732146	14229293	41565375	
C	106	8	12	22	27	32	37	41	
C	106	47855	3136907	5089384	6455258	8796045	14292049	41384931	
C	107	8	12	22	27	32	37	41	
C	107	53059	3188471	5121613	6517537	8873281	14417135	41481973	
C	108	8	12	22	27	32	37	41	
C	108	69414	3356588	5310710	6738401	9112911	14681024	41597647	
C	109	8	12	22	27	32	37	41	
C	109	116769	3417473	5345825	6775142	9140774	14660291	41325506	
C	110	8	12	22	27	32	37	41	
C	110	185078	3522340	5467723	6911154	9338043	14852456	41557062	
C	111	8	12	22	27	32	37	41	
C	111	322662	3589873	5517954	6953874	9490338	14962716	41609377	
C	112	8	12	22	27	32	37	41	
C	112	361210	3732048	5545250	6971545	9524098	14976577	41388704	
C	113	8	12	22	27	32	37	41	
C	113	507602	3830494	5645483	7069440	9733550	15134604	41561897	
C	114	8	12	22	27	32	37	41	
C	114	569644	3985341	5768288	7175965	9898363	15271644	41599620	
C	115	8	12	22	27	32	37	41	
C	115	700288	4044464	5831471	7229214	10048861	15367808	41405959	
C	116	8	12	22	27	32	37	41	
C	116	793258	4153626	5946334	7361979	10253578	15551604	41603034	
C	117	8	12	22	27	32	37	41	
C	117	867175	4188845	5997854	7425972	10350099	15608376	41581172	
C	118	8	12	22	27	32	37	41	
C	118	1018444	4236504	5988558	7450384	10458761	15619347	41369326	
C	119	8	12	22	27	32	37	41	
C	119	1130587	4353131	6149020	7640553	10703963	15776696	41459858	
C	120	8	12	22	27	32	37	41	
C	120	1324206	4335529	6245206	7797522	10992785	15961952	41570252	
C	121	8	12	22	27	32	37	41	
C	121	1462474	4401514	6250523	7810842	11093624	15978418	41386075	
C	122	8	12	22	27	32	37	41	
C	122	1593750	4438172	6315625	7925199	11271150	16123828	41579711	
C	123	8	12	22	27	32	37	41	
C	123	1697812	4661350	6584145	8276238	11685841	16460625	41650329	
C	124	8	12	22	27	32	37	41	
C	124	1617567	4319343	6115856	7729493	10958679	15410710	39546943	
C	125	8	12	22	27	32	37	41	
C	125	1567067	4327384	6121504	7817301	11077356	15576200	39616353	
C	126	8	12	22	27	32	37	41	
C	126	1619537	4648147	6677059	8507757	11953932	16794093	41634869	
C	127	8	12	22	27	32	37	41	
C	127	1680795	4683590	6704948	8550367	11963490	16772754	41321762	
C	128	8	12	22	27	32	37	41	
C	128	1830085	4885337	6923495	8838790	12274224	17160260	41556568	
C	129	8	12	22	27	32	37	41	
C	129	1716571	4713071	6676033	8602889	11808513	16357468	39697113	
C	130	8	12	22	27	32	37	41	
C	130	1698440	4755623	6724206	8793008	11966862	16494508	39504569	
C	131	8	12	22	27	32	37	41	
C	131	1803754	5119479	7402882	9725691	13069619	17985611	41528670	
C	132	8	12	22	27	32	37	41	
C	132	1642400	4854338	6971838	9218619	12303994	17065055	39789423	
C	133	8	12	22	27	32	37	41	
C	133	1694721	4976775	7146413	9542874	12645970	17410024	39591380	
C	134	8	12	22	27	32	37	41	
C	134	1576338	4774428	6858474	9212299	12082823	16600582	38015284	
C	135	8	12	22	27	32	37	41	
C	135	1659088	5382337	7775882	10522186	13783646	19063686	41648432	
C	136	8	12	22	27	32	37	41	
C	136	1418367	4735528	6849147	9133910	11920491	16659604	37777742	
C	137	8	12	22	27	32	37	41	
C	137	1639970	5459759	7981786	10615555	13790774	19311569	41544096	
C	138	8	12	22	27	32	37	41	
C	138	1655012	5302820	7726494	10276419	13429114	18541199	39964044	
C	139	8	12	22	27	32	37	41	
C	139	1768334	5396324	7724197	10440532	13602132	18728848	39656628	
C	140	8	12	22	27	32	37	41	
C	140	1623414	4763378	6608221	9084250	11749328	16276843	36025643	
C	141	8	12	22	27	32	37	41	
C	141	1437559	5006836	7146509	9907240	12669162	17605498	37916225	
C	142	8	12	22	27	32	37	41	
C	142	1649029	5888571	8324129	11181534	14673121	20517372	41483052	
C	143	8	12	22	27	32	37	41	
C	143	1676939	4976041	6959631	9553935	12032309	16771750	36150070	
C	144	8	12	22	27	32	37	41	
C	144	1785047	6180762	8700666	12039888	15320311	21023514	41732554	
C	145	8	12	22	27	32	37	41	
C	145	1722055	5430711	7821070	10638590	13362445	18374640	37782200	
C	146	8	12	22	27	32	37	41	
C	146	1830375	5466860	7771746	10772810	13401736	18455846	37888287	
C	147	8	12	22	27	32	37	41	
C	147	1716030	5665745	7872599	10770813	13599041	18747312	37919740	
C	148	8	12	22	27	32	37	41	
C	148	1688065	5620542	7785711	10689358	13696988	18846292	37750265	
C	149	8	12	22	27	32	37	41	
C	149	1677573	5505970	7774418	10700039	13213236	17965424	36193203	
N	0	2	
N	0	189333	
N	1	2	
N	1	20357	
N	2	2	
N	2	2568	
N	3	2	
N	3	911	
N	4	2	
N	4	388	
N	5	2	
N	5	1582	
N	6	2	
N	6	152	
N	7	2	
N	7	2483	
N	8	2	
N	8	13	
N	9	2	
N	9	822	
N	10	2	
N	10	6250	
N	11	2	
N	11	351	
N	12	2	
N	12	1277	
N	13	2	
N	13	2159	
N	14	2	
N	14	2836	
N	15	2	
N	15	188	
N	16	2	
N	16	1408	
N	17	2	
N	17	1355	
N	18	2	
N	18	2596	
N	19	2	
N	19	2015	
N	20	2	
N	20	93	
N	21	2	
N	21	151	
N	22	2	
N	22	732	
N	23	2	
N	23	5058	
N	24	2	
N	24	848	
N	25	2	
N	25	1777	
N	26	2	
N	26	1109	
N	27	2	
N	27	64	
N	28	2	
N	28	3281	
N	29	2	
N	29	173	
N	30	2	
N	30	4293	
N	31	2	
N	31	3480	
N	32	2	
N	32	1297	
N	33	2	
N	33	2650	
N	34	2	
N	34	2074	
N	35	
N	35	
N	36	2	
N	36	1101	
N	37	2	
N	37	1556	
N	38	2	
N	38	8068	
N	39	2	
N	39	2685	
N	40	2	
N	40	212	
N	41	2	
N	41	284	
N	42	2	
N	42	412	
N	43	2	
N	43	624	
N	44	2	
N	44	7177	
N	45	2	
N	45	486	
N	46	2	
N	46	1821	
N	47	2	
N	47	3306	
N	48	2	
N	48	496	
N	49	2	
N	49	3387	
N	50	2	
N	50	2326	
N	51	2	
N	51	251773	
N	52	2	
N	52	2130	
N	53	2	
N	53	2117	
N	54	2	
N	54	1319	
N	55	2	
N	55	4832	
N	56	2	
N	56	1230	
N	57	2	
N	57	568	
N	58	2	
N	58	405	
N	59	2	
N	59	258582	
N	60	2	
N	60	909	
N	61	2	
N	61	657	
N	62	2	
N	62	1131	
N	63	2	
N	63	551	
N	64	2	
N	64	1791	
N	65	2	
N	65	96	
N	66	2	
N	66	1910	
N	67	2	
N	67	1893	
N	68	2	
N	68	80	
N	69	2	
N	69	993	
N	70	2	
N	70	456	
N	71	2	
N	71	3608	
N	72	2	
N	72	3551	
N	73	2	
N	73	1206	
N	74	2	
N	74	1294	
N	75	2	
N	75	951	
N	76	2	
N	76	1639	
N	77	2	
N	77	621	
N	78	2	
N	78	1423	
N	79	2	
N	79	573	
N	80	2	
N	80	564	
N	81	2	
N	81	246	
N	82	2	
N	82	3715	
N	83	2	
N	83	48	
N	84	2	
N	84	519	
N	85	2	
N	85	726	
N	86	2	
N	86	2421	
N	87	2	
N	87	1004	
N	88	2	
N	88	7224	
N	89	2	
N	89	1082	
N	90	2	
N	90	115	
N	91	2	
N	91	434	
N	92	2	
N	92	382	
N	93	2	
N	93	1097	
N	94	2	
N	94	9331	
N	95	2	
N	95	3569	
N	96	2	
N	96	536	
N	97	2	
N	97	288	
N	98	2	
N	98	2640	
N	99	2	
N	99	4152	
N	100	2	
N	100	3463	
N	101	2	
N	101	1945	
N	102	2	
N	102	1467	
N	103	2	
N	103	386	
N	104	2	
N	104	489	
N	105	2	
N	105	4065	
N	106	2	
N	106	212	
N	107	2	
N	107	103	
N	108	2	
N	108	7308	
N	109	2	
N	109	1112	
N	110	2	
N	110	2069	
N	111	2	
N	111	949	
N	112	2	
N	112	4393	
N	113	2	
N	113	8889	
N	114	2	
N	114	1897	
N	115	2	
N	115	3284	
N	116	2	
N	116	890	
N	117	2	
N	117	344	
N	118	2	
N	118	2006	
N	119	2	
N	119	1370	
N	120	2	
N	120	7165	
N	121	2	
N	121	880	
N	122	2	
N	122	2741	
N	123	2	
N	123	1313	
N	124	2	
N	124	6820359	
N	125	2	
N	125	7092635	
N	126	2	
N	126	9583	
N	127	2	
N	127	620	
N	128	2	
N	128	1786	
N	129	2	
N	129	6679521	
N	130	2	
N	130	6654798	
N	131	2	
N	131	4992	
N	132	2	
N	132	6562074	
N	133	2	
N	133	6812229	
N	134	2	
N	134	13346898	
N	135	2	
N	135	25287	
N	136	2	
N	136	12985479	
N	137	2	
N	137	25016	
N	138	2	
N	138	5908388	
N	139	2	
N	139	6407980	
N	140	2	
N	140	20529048	
N	141	2	
N	141	13534752	
N	142	2	
N	142	8007	
N	143	2	
N	143	19315995	
N	144	2	
N	144	31974	
N	145	2	
N	145	13061714	
N	146	2	
N	146	13499569	
N	147	2	
N	147	13005915	
N	148	2	
N	148	13666526	
N	149	2	
N	149	19680220	
