.	0	2	11	27	32	37	
.	0	4036	538667	2257744	30361500	30361577	
.	1	2	11	27	32	37	
.	1	549	590558	2488362	29760796	30361577	
.	2	11	27	32	37	
.	2	561881	1881783	5279526	30361577	
.	3	2	11	27	32	37	
.	3	124	329477	1143728	3101111	30361577	
.	4	11	27	32	37	
.	4	238502	842531	2235559	30361577	
.	5	11	27	32	37	42	
.	5	196637	787860	1951275	5818781	30361577	
.	6	2	11	27	32	37	42	
.	6	48	183252	703871	1761050	4940785	30361577	
.	7	11	22	27	32	37	42	
.	7	160475	160671	631257	1604335	4454627	30361577	
.	8	2	11	22	27	32	37	42	
.	8	255	152232	153724	601727	1541433	4225274	30361577	
.	9	2	11	22	27	32	37	42	
.	9	1150	148683	151219	585832	1517579	4143680	30361577	
.	10	11	22	27	32	37	42	
.	10	137936	140914	561997	1465603	3993634	30361577	
.	11	11	22	27	32	37	42	
.	11	143921	146938	577588	1493555	4042143	30361577	
.	12	11	22	27	32	37	42	
.	12	149024	152664	596563	1531735	4150040	30361577	
.	13	11	22	27	32	37	42	
.	13	148230	152094	594661	1530503	4158850	30361577	
.	14	11	22	27	32	37	42	
.	14	144772	148644	585832	1512793	4127573	30361577	
.	15	11	22	27	32	37	42	
.	15	151596	156135	607005	1546105	4170099	30361577	
.	16	11	22	27	32	37	42	
.	16	148257	152595	594092	1524915	4132548	30361577	
.	17	7	11	22	27	32	37	42	
.	17	58	152482	160848	605966	1551302	4180524	30361577	
.	18	7	11	22	27	32	37	42	
.	18	259	151714	173541	609281	1550418	4171940	30361577	
.	19	7	11	22	27	32	37	42	
.	19	534	156073	196516	624783	1574217	4203494	30361577	
.	20	7	11	22	27	32	37	42	
.	20	1177	159915	237308	645775	1603604	4228883	30361577	
.	21	7	11	22	27	32	37	42	
.	21	2007	157938	291981	658565	1612237	4213172	30361577	
.	22	2	7	11	22	27	32	37	42	
.	22	22	2812	165594	347694	691308	1663934	4284837	30361577	
.	23	7	11	22	27	32	37	42	
.	23	4100	173229	435092	735693	1721802	4336047	30361577	
.	24	7	11	22	27	32	37	42	
.	24	4758	178390	466087	756833	1756847	4396799	30361577	
.	25	2	7	11	22	27	32	37	42	
.	25	1476	9339	276881	594804	879206	1874965	4509514	30361577	
.	26	7	11	22	27	32	37	42	
.	26	8508	292157	631939	915548	1928561	4577887	30361577	
.	27	7	11	22	27	32	37	42	
.	27	9180	305869	657948	947215	1976716	4641468	30361577	
.	28	7	11	22	27	32	37	42	
.	28	9610	314330	670752	963701	1998076	4678590	30361577	
.	29	7	11	22	27	32	37	42	
.	29	9433	322721	687540	985422	2034204	4737120	30361577	
.	30	7	11	22	27	32	37	42	
.	30	9585	326057	695039	990207	2042151	4748553	30361577	
.	31	2	7	11	22	27	32	37	42	
.	31	830	10509	329546	704637	995595	2046844	4757247	30361577	
.	32	2	7	11	22	27	32	37	42	
.	32	2873	12845	334181	712679	1000776	2049283	4741521	30361577	
.	33	2	7	11	22	27	32	37	42	
.	33	3659	13251	334147	714703	999276	2045747	4739032	30361577	
.	34	2	7	11	22	27	32	37	42	
.	34	3846	14794	350128	743527	1034400	2110170	4864224	30361577	
.	35	2	7	11	22	27	32	37	42	
.	35	1430	12831	357334	762349	1058524	2152302	4941354	30361577	
.	36	7	11	22	27	32	37	42	
.	36	11790	369588	785391	1085189	2197757	5026800	30361577	
.	37	7	11	22	27	32	37	42	
.	37	13514	372768	790517	1095863	2207340	5059039	30361577	
.	38	7	11	22	27	32	37	42	
.	38	16065	418252	857120	1169673	2306587	5192117	30361577	
.	39	7	11	22	27	32	37	42	
.	39	15065	394400	828330	1155864	2287116	5194020	30361577	
.	40	7	11	22	27	32	37	42	
.	40	14979	402167	835858	1176979	2301594	5231620	30361577	
.	41	7	11	22	27	32	37	42	
.	41	13824	405647	837323	1187513	2299787	5224340	30361577	
.	42	7	11	22	27	32	37	42	
.	42	14311	433560	882757	1248321	2378289	5321864	30361577	
.	43	7	11	22	27	32	37	42	
.	43	15964	487760	970185	1351669	2510837	5504772	30361577	
.	44	7	11	22	27	32	37	42	
.	44	15769	482621	967461	1352732	2531021	5574462	30361577	
.	45	7	11	22	27	32	37	42	
.	45	14698	444779	913589	1292660	2463013	5530751	30361577	
.	46	7	11	22	27	32	37	42	
.	46	15440	449597	917457	1297238	2470339	5553980	30361577	
.	47	7	11	22	27	32	37	42	
.	47	15715	458062	931286	1313968	2491029	5566749	30361577	
.	48	7	11	22	27	32	37	42	
.	48	16626	500918	991532	1376606	2563623	5629627	30361577	
.	49	7	11	22	27	32	37	42	
.	49	16328	485939	983504	1373926	2583330	5695220	30361577	
.	50	7	11	22	27	32	37	42	
.	50	16673	493411	992305	1385315	2597729	5731367	30361577	
.	51	7	11	22	27	32	37	42	
.	51	18175	538007	1057488	1455333	2681209	5827271	30361577	
.	52	7	11	22	27	32	37	42	
.	52	17181	509367	1028904	1431585	2676870	5873109	30361577	
.	53	7	11	22	27	32	37	42	
.	53	18366	521496	1039668	1445437	2690998	5897782	30361577	
.	54	7	11	22	27	32	37	42	
.	54	19987	537239	1069145	1481393	2749049	5986366	30361577	
.	55	2	7	11	22	27	32	37	42	
.	55	419	22584	545892	1080902	1501541	2783439	6061477	30361577	
.	56	2	7	11	22	27	32	37	42	
.	56	2166	24784	566698	1114524	1540463	2845933	6152571	30361577	
.	57	2	7	11	22	27	32	37	42	
.	57	3666	24408	562519	1112887	1538131	2842340	6164518	30361577	
.	58	2	7	11	22	27	32	37	42	
.	58	2284	23479	588630	1155910	1591407	2923845	6284071	30361577	
.	59	2	7	11	22	27	32	37	42	
.	59	5778	26982	591119	1155653	1590790	2919458	6283144	30361577	
.	60	2	7	11	22	27	32	37	42	
.	60	6664	27976	602748	1179389	1619725	2968584	6360134	30361577	
.	61	2	7	11	22	27	32	37	42	
.	61	1233	23668	598865	1177162	1620827	2979017	6405647	30361577	
.	62	2	7	11	22	27	32	37	42	
.	62	400	23860	617814	1207265	1656436	3031835	6478946	30361577	
.	63	7	11	22	27	32	37	42	
.	63	24300	631354	1226459	1679902	3068080	6546185	30361577	
.	64	7	11	22	27	32	37	42	
.	64	27127	654267	1241900	1701880	3096526	6588905	30361577	
.	65	2	7	11	22	27	32	37	42	
.	65	160	27272	674908	1260389	1724914	3136570	6661893	30361577	
.	66	7	11	22	27	32	37	42	
.	66	27275	701673	1279706	1745906	3166346	6715931	30361577	
.	67	7	11	22	27	32	37	42	
.	67	27702	726065	1302303	1774407	3210158	6782372	30361577	
.	68	7	11	22	27	32	37	42	
.	68	28176	751648	1320335	1798731	3253848	6865682	30361577	
.	69	7	11	22	27	32	37	42	
.	69	29611	792255	1349037	1835721	3302222	6938090	30361577	
.	70	7	11	22	27	32	37	42	
.	70	31124	843266	1418743	1918133	3420069	7109457	30361577	
.	71	2	7	11	22	27	32	37	42	
.	71	2049	33068	846272	1421029	1926267	3449524	7179446	30361577	
.	72	2	7	11	22	27	32	37	42	
.	72	85	31261	843413	1419003	1924292	3449315	7195861	30361577	
.	73	2	7	11	22	27	32	37	42	
.	73	1352	34332	867902	1452809	1964463	3508446	7274052	30361577	
.	74	2	7	11	22	27	32	37	42	
.	74	2694	35340	898054	1497702	2022482	3593174	7420773	30361577	
.	75	2	7	11	22	27	32	37	42	
.	75	3032	35716	940346	1560834	2098209	3694443	7560300	30361577	
.	76	2	7	11	22	27	32	37	42	
.	76	6463	37445	948533	1618327	2348107	4610008	12040168	30361577	
.	77	2	7	11	22	27	32	37	42	
.	77	7523	36402	888796	1434113	2020151	3697380	8779403	30361577	
.	78	2	7	11	22	27	32	37	42	
.	78	9613	37136	840814	1351275	1842938	3291975	7259933	30361577	
.	79	2	7	11	22	27	32	37	42	
.	79	9161	37483	832242	1335949	1794841	3169676	6775035	30361577	
.	80	2	7	11	22	27	32	37	42	
.	80	10243	38678	829107	1326911	1766864	3102662	6561501	30361577	
.	81	2	7	11	22	27	32	37	42	
.	81	9290	40949	840284	1345815	1786071	3126915	6548343	30361577	
.	82	2	7	11	22	27	32	37	42	
.	82	2643	36188	845427	1352614	1792606	3133352	6537982	30361577	
.	83	2	7	11	22	27	32	37	42	
.	83	2213	38017	840821	1341287	1776032	3103824	6479697	30361577	
.	84	2	7	11	22	27	32	37	42	
.	84	1760	41478	852792	1356989	1794166	3127757	6499572	30361577	
.	85	2	7	11	22	27	32	37	42	
.	85	1437	44812	870587	1389977	1834141	3194960	6621009	30361577	
.	86	2	7	11	22	27	32	37	42	
.	86	86	44948	884843	1410292	1859044	3234031	6686164	30361577	
.	87	2	7	11	22	27	32	37	42	
.	87	129	47093	889197	1417527	1870320	3252792	6730161	30361577	
.	88	7	11	22	27	32	37	42	
.	88	50096	929797	1472855	1933172	3333969	6837251	30361577	
.	89	7	11	22	27	32	37	42	
.	89	51389	939353	1499401	1969318	3408969	6984281	30361577	
.	90	7	11	22	27	32	37	42	
.	90	52323	953891	1519212	1995931	3453571	7080089	30361577	
.	91	7	11	22	27	32	37	42	
.	91	54719	965482	1536771	2018814	3494281	7152169	30361577	
.	92	7	11	22	27	32	37	42	
.	92	58292	980100	1558634	2046710	3537408	7220887	30361577	
.	93	7	11	22	27	32	37	42	
.	93	60171	1021090	1614842	2108677	3614682	7328155	30361577	
.	94	7	11	22	27	32	37	42	
.	94	60749	1009778	1602361	2101730	3620801	7350122	30361577	
.	95	7	11	22	27	32	37	42	
.	95	62732	1039742	1647825	2156538	3712650	7499513	30361577	
.	96	7	11	22	27	32	37	42	
.	96	63582	1058842	1673837	2190273	3765520	7573240	30361577	
.	97	7	11	22	27	32	37	42	
.	97	64854	1115961	1756919	2285086	3903829	7770502	30361577	
.	98	7	11	22	27	32	37	42	
.	98	64298	1125565	1761770	2290705	3913065	7794269	30361577	
.	99	7	11	22	27	32	37	42	
.	99	64993	1133489	1791843	2327726	3986829	7885690	30361577	
.	100	7	11	22	27	32	37	42	
.	100	67282	1148409	1818907	2367766	4066388	8042239	30361577	
.	101	2	7	11	22	27	32	37	42	
.	101	24	67355	1147811	1810885	2362670	4056724	8055253	30361577	
.	102	7	11	22	27	32	37	42	
.	102	67520	1168916	1840720	2398637	4109056	8136563	30361577	
.	103	2	7	11	22	27	32	37	42	
.	103	8	70243	1223821	1918970	2489314	4232373	8314753	30361577	
.	104	7	11	22	27	32	37	42	
.	104	69271	1239936	1959858	2543350	4338892	8496441	30361577	
.	105	7	11	22	27	32	37	42	
.	105	69790	1245798	1964194	2552860	4358160	8567921	30361577	
.	106	7	11	22	27	32	37	42	
.	106	71651	1258399	1983293	2579476	4400530	8642843	30361577	
.	107	7	11	22	27	32	37	42	
.	107	74096	1330099	2084102	2692814	4555765	8859217	30361577	
.	108	7	11	22	27	32	37	42	
.	108	76515	1382715	2155973	2782902	4681231	9042130	30361577	
.	109	7	11	22	27	32	37	42	
.	109	76640	1397818	2176361	2806759	4723737	9116237	30361577	
.	110	7	11	22	27	32	37	42	
.	110	75933	1414321	2196733	2830466	4762546	9161372	30361577	
.	111	7	11	22	27	32	37	42	
.	111	74335	1419988	2242579	2890145	4872411	9310898	30361577	
.	112	7	11	22	27	32	37	42	
.	112	77474	1457964	2265962	2913850	4905028	9359296	30361577	
.	113	7	11	22	27	32	37	42	
.	113	77938	1482934	2295142	2955024	4978356	9449720	30361577	
.	114	7	11	22	27	32	37	42	
.	114	76627	1474155	2320501	2999321	5103723	9656435	30361577	
.	115	7	11	22	27	32	37	42	
.	115	79570	1504933	2346376	3039076	5174757	9775000	30361577	
.	116	7	11	22	27	32	37	42	
.	116	79063	1529577	2339560	3098126	5396067	10066933	30361577	
.	117	7	11	22	27	32	37	42	
.	117	81440	1605050	2417567	3224996	5658845	10401385	30361577	
.	118	2	7	11	22	27	32	37	42	
.	118	60	84056	1620557	2468423	3283820	5745006	10538176	30361577	
.	119	2	7	11	22	27	32	37	42	
.	119	16	86192	1676616	2529502	3396622	5993268	10893885	30361577	
.	120	2	7	11	22	27	32	37	42	
.	120	30	87971	1729203	2624362	3508671	6166985	11158149	30361577	
.	121	7	11	22	27	32	37	42	
.	121	91840	1786271	2687747	3616125	6384342	11446393	30361577	
.	122	2	7	11	22	27	32	37	42	
.	122	676	94123	1793289	2692360	3676051	6590028	11734574	30361577	
.	123	2	7	11	22	27	32	37	42	
.	123	396	96879	1851334	2802781	3773631	6686011	11876328	30361577	
.	124	2	7	11	22	27	32	37	42	
.	124	426	99590	1864693	2890368	3864237	6774994	12031937	30361577	
.	125	2	7	11	22	27	32	37	42	
.	125	106	100382	1926324	3031878	4011131	6950748	12307744	30361577	
.	126	2	7	11	22	27	32	37	42	
.	126	68	102467	2034091	3155881	4181903	7212114	12616798	30361577	
.	127	2	7	11	22	27	32	37	42	
.	127	106	102164	2064542	3214517	4262384	7380317	12873848	30361577	
.	128	2	7	11	22	27	32	37	42	
.	128	245	100921	2111797	3317448	4402639	7528589	13085303	30361577	
.	129	2	7	11	22	27	32	37	42	
.	129	764	101972	2108081	3398111	4521134	7547541	13180895	30361577	
.	130	2	7	11	22	27	32	37	42	
.	130	147	105297	2152111	3470206	4630382	7653711	13327646	30361577	
.	131	2	7	11	22	27	32	37	42	
.	131	152	108524	2225629	3570274	4736647	7862203	13578511	30361577	
.	132	2	7	11	22	27	32	37	42	
.	132	124	107750	2261662	3665980	4945634	7983332	13767318	30361577	
.	133	2	7	11	22	27	32	37	42	
.	133	186	110696	2307001	3749694	5061883	8198378	14054638	30361577	
.	134	2	7	11	22	27	32	37	42	
.	134	56	110639	2332011	3788113	5174108	8329130	14242472	30361577	
.	135	2	7	11	22	27	32	37	42	
.	135	27	110828	2396626	3878688	5298207	8714353	14713304	30361577	
.	136	2	7	11	22	27	32	37	42	
.	136	793	114300	2461681	3988777	5454901	8948712	14996484	30361577	
.	137	2	7	11	22	27	32	37	42	
.	137	1145	115033	2496516	4044133	5540425	9305957	15477146	30361577	
.	138	2	7	11	22	27	32	37	42	
.	138	121	117703	2512033	4054901	5593211	9450438	15663507	30361577	
.	139	2	7	11	22	27	32	37	42	
.	139	184	118606	2559590	4123533	5707342	9709579	15976493	30361577	
.	140	2	7	11	22	27	32	37	42	
.	140	413	122756	2648825	4264969	5870126	10042684	16362498	30361577	
.	141	2	7	11	22	27	32	37	42	
.	141	279	125546	2679849	4318058	5902793	10388111	16785445	30361577	
.	142	2	7	11	22	27	32	37	42	
.	142	689	130356	2755286	4424144	6040888	10609353	17035727	30361577	
.	143	2	7	11	22	27	32	37	42	
.	143	931	134071	2840552	4543821	6243354	10819313	17274094	30361577	
.	144	2	7	11	22	27	32	37	42	
.	144	846	136461	2922888	4648385	6435538	11077435	17576701	30361577	
.	145	2	7	11	22	27	32	37	42	
.	145	502	136746	3029379	4742528	6861585	11253081	17748653	30361577	
.	146	2	7	11	22	27	32	37	42	
.	146	1042	141712	3117192	4865714	7140466	11535631	18020110	30361577	
.	147	2	7	11	22	27	32	37	42	
.	147	683	145505	3262911	5061084	7425301	11726123	18247579	30361577	
.	148	2	7	11	22	27	32	37	42	
.	148	881	147931	3352825	5159329	7724632	11881136	18426089	30361577	
.	149	2	7	11	22	27	32	37	42	
.	149	627	148854	3449137	5304277	7887083	12230373	18784535	30361577	
A	0	11	27	32	37	
A	0	125973	523633	7026695	7026705	
A	1	11	27	32	37	
A	1	170981	751261	7005010	7105422	
A	2	11	27	32	37	
A	2	172135	571528	1602296	8360373	
A	3	11	27	32	37	
A	3	103813	354792	971092	8740295	
A	4	11	27	32	37	
A	4	85115	294816	779956	9590723	
A	5	11	27	32	37	42	
A	5	77096	286504	722479	2077973	10620721	
A	6	11	27	32	37	42	
A	6	46731	176264	446949	1235329	7220111	
A	7	11	27	32	37	42	
A	7	47703	181936	469296	1270853	8563783	
A	8	11	22	27	32	37	42	
A	8	40759	41069	157071	413339	1117700	7842636	
A	9	11	22	27	32	37	42	
A	9	61542	62748	235456	611269	1626945	11180772	
A	10	11	22	27	32	37	42	
A	10	47106	47843	184201	484871	1282823	9484330	
A	11	11	22	27	32	37	42	
A	11	44223	44932	170541	447291	1185250	8591278	
A	12	11	22	27	32	37	42	
A	12	50050	51170	193323	503527	1331327	9211172	
A	13	11	22	27	32	37	42	
A	13	50212	51406	194992	508588	1345876	9215438	
A	14	11	22	27	32	37	42	
A	14	49297	50366	191427	499183	1323772	9105006	
A	15	11	22	27	32	37	42	
A	15	51590	52964	198000	509327	1342710	9154276	
A	16	11	22	27	32	37	42	
A	16	49033	50323	188311	489629	1295221	9042765	
A	17	7	11	22	27	32	37	42	
A	17	6	50832	53305	194622	505354	1332496	9036690	
A	18	7	11	22	27	32	37	42	
A	18	26	49240	55747	190351	490796	1290881	8910513	
A	19	7	11	22	27	32	37	42	
A	19	61	53771	66535	206718	526749	1367052	9251939	
A	20	7	11	22	27	32	37	42	
A	20	148	54312	79036	210804	529660	1364006	9160187	
A	21	7	11	22	27	32	37	42	
A	21	256	55435	101199	222162	546035	1391355	9344036	
A	22	7	11	22	27	32	37	42	
A	22	404	58678	122439	237133	574057	1445087	9437698	
A	23	7	11	22	27	32	37	42	
A	23	515	59109	147966	242326	572733	1424055	9271935	
A	24	7	11	22	27	32	37	42	
A	24	684	59497	155401	244855	573550	1419107	9061814	
A	25	7	11	22	27	32	37	42	
A	25	881	92110	199467	287457	618215	1469021	9243998	
A	26	7	11	22	27	32	37	42	
A	26	1163	96433	210365	296747	632428	1489669	9140567	
A	27	7	11	22	27	32	37	42	
A	27	1153	100847	219739	308581	649866	1510465	9190670	
A	28	7	11	22	27	32	37	42	
A	28	1334	103624	223443	313585	657917	1526017	9365262	
A	29	7	11	22	27	32	37	42	
A	29	1125	103528	222919	312332	651693	1505220	8976820	
A	30	7	11	22	27	32	37	42	
A	30	1007	105677	228671	318038	663977	1528692	9111424	
A	31	7	11	22	27	32	37	42	
A	31	1049	107505	233237	322353	671698	1546910	9275980	
A	32	7	11	22	27	32	37	42	
A	32	1135	106939	231354	318663	660914	1519920	9181035	
A	33	7	11	22	27	32	37	42	
A	33	1050	106767	232508	318350	659255	1517728	9223472	
A	34	7	11	22	27	32	37	42	
A	34	1047	114209	247346	337496	696593	1592817	9234453	
A	35	7	11	22	27	32	37	42	
A	35	1290	113786	247249	336393	694067	1586283	9174127	
A	36	7	11	22	27	32	37	42	
A	36	1193	117500	254669	344766	707196	1603900	9107364	
A	37	7	11	22	27	32	37	42	
A	37	1293	120837	261073	354133	724050	1647403	9285691	
A	38	7	11	22	27	32	37	42	
A	38	1505	132189	274683	365860	731179	1631968	9032410	
A	39	7	11	22	27	32	37	42	
A	39	2227	124883	267555	367115	736763	1659899	9176645	
A	40	7	11	22	27	32	37	42	
A	40	2156	126070	269648	373772	742991	1674818	9218879	
A	41	7	11	22	27	32	37	42	
A	41	1372	128280	272182	378960	745775	1680458	9250035	
A	42	7	11	22	27	32	37	42	
A	42	1585	134285	281873	392425	764111	1710148	9319232	
A	43	7	11	22	27	32	37	42	
A	43	1690	148226	302848	414968	790238	1738391	9248115	
A	44	7	11	22	27	32	37	42	
A	44	1522	148395	305253	418255	797415	1750261	9138508	
A	45	7	11	22	27	32	37	42	
A	45	1593	137171	289778	403475	780451	1736882	9156798	
A	46	7	11	22	27	32	37	42	
A	46	1609	142239	299602	415944	804891	1791779	9285219	
A	47	7	11	22	27	32	37	42	
A	47	1605	142090	296240	411342	793098	1759518	9140469	
A	48	7	11	22	27	32	37	42	
A	48	1798	156770	316794	433445	817720	1779064	9145024	
A	49	7	11	22	27	32	37	42	
A	49	1648	152771	318523	439131	837742	1834423	9371622	
A	50	7	11	22	27	32	37	42	
A	50	1572	151713	314355	433083	827253	1815093	9242315	
A	51	7	11	22	27	32	37	42	
A	51	1836	168708	340405	463513	866996	1873783	9335013	
A	52	7	11	22	27	32	37	42	
A	52	1811	161414	335688	462134	876778	1905763	9470334	
A	53	7	11	22	27	32	37	42	
A	53	1723	160422	330620	455403	863097	1880379	9327866	
A	54	7	11	22	27	32	37	42	
A	54	1885	163044	333697	458544	864829	1878404	9233955	
A	55	7	11	22	27	32	37	42	
A	55	1866	167737	343288	471941	890628	1936208	9454152	
A	56	7	11	22	27	32	37	42	
A	56	2029	169283	344726	472676	890212	1920871	9139819	
A	57	7	11	22	27	32	37	42	
A	57	2035	168605	345578	474427	894712	1936293	9198211	
A	58	7	11	22	27	32	37	42	
A	58	2048	179652	364414	498328	934043	2001558	9317650	
A	59	7	11	22	27	32	37	42	
A	59	2084	174930	355042	485465	910460	1955159	9177521	
A	60	7	11	22	27	32	37	42	
A	60	2065	176805	359945	491772	923149	1974476	9146852	
A	61	7	11	22	27	32	37	42	
A	61	2146	180416	367128	502361	943139	2027227	9293285	
A	62	7	11	22	27	32	37	42	
A	62	2039	183475	370545	504151	940704	2005201	9110102	
A	63	7	11	22	27	32	37	42	
A	63	2413	194812	391210	532018	986637	2088229	9242853	
A	64	7	11	22	27	32	37	42	
A	64	3214	203031	398636	541644	1002073	2112188	9312232	
A	65	7	11	22	27	32	37	42	
A	65	2507	207522	401307	544478	1006645	2119575	9196094	
A	66	7	11	22	27	32	37	42	
A	66	2914	220179	414469	561526	1035158	2176734	9392860	
A	67	7	11	22	27	32	37	42	
A	67	2721	228181	423092	571455	1050911	2198666	9472430	
A	68	7	11	22	27	32	37	42	
A	68	2676	233653	423113	571692	1051002	2198486	9413067	
A	69	7	11	22	27	32	37	42	
A	69	3227	247767	433302	584595	1066946	2219113	9392653	
A	70	7	11	22	27	32	37	42	
A	70	3025	264418	456760	613180	1111024	2293319	9442826	
A	71	7	11	22	27	32	37	42	
A	71	2789	258310	445595	599567	1091167	2253909	9244936	
A	72	7	11	22	27	32	37	42	
A	72	2568	259415	447008	601363	1094165	2264031	9256757	
A	73	7	11	22	27	32	37	42	
A	73	3070	274342	471523	631982	1147471	2361153	9521610	
A	74	7	11	22	27	32	37	42	
A	74	3009	280519	480650	643816	1160897	2379766	9420607	
A	75	7	11	22	27	32	37	42	
A	75	3015	306145	520900	695195	1235334	2498428	9506918	
A	76	7	11	22	27	32	37	42	
A	76	2527	293802	486876	692922	1292756	3114210	9575285	
A	77	7	11	22	27	32	37	42	
A	77	2741	298892	479306	661916	1179803	2642495	9351987	
A	78	7	11	22	27	32	37	42	
A	78	2372	282115	454719	607994	1067491	2277390	9377308	
A	79	7	11	22	27	32	37	42	
A	79	2573	276140	447430	591993	1039781	2182514	9523342	
A	80	7	11	22	27	32	37	42	
A	80	2373	263993	427338	561512	983664	2049593	9305583	
A	81	7	11	22	27	32	37	42	
A	81	4308	267499	434474	572460	1005032	2084414	9428854	
A	82	7	11	22	27	32	37	42	
A	82	2957	265672	432209	567731	1000364	2077743	9410990	
A	83	7	11	22	27	32	37	42	
A	83	2980	261598	425611	561135	991952	2063459	9524673	
A	84	7	11	22	27	32	37	42	
A	84	3145	262639	427616	562666	992541	2055368	9439348	
A	85	7	11	22	27	32	37	42	
A	85	3639	268780	439007	577455	1021171	2108575	9507187	
A	86	7	11	22	27	32	37	42	
A	86	3844	269557	439222	577234	1017446	2099905	9380389	
A	87	7	11	22	27	32	37	42	
A	87	4219	267892	437229	575251	1013965	2090381	9282900	
A	88	7	11	22	27	32	37	42	
A	88	4248	283465	461436	604084	1057703	2164825	9479970	
A	89	7	11	22	27	32	37	42	
A	89	4462	279227	459000	603302	1063549	2178208	9327119	
A	90	7	11	22	27	32	37	42	
A	90	4887	282847	463740	609838	1074686	2204330	9377591	
A	91	7	11	22	27	32	37	42	
A	91	4841	288131	473399	622474	1098560	2250949	9450837	
A	92	7	11	22	27	32	37	42	
A	92	5103	288341	471710	619171	1089975	2222417	9215557	
A	93	7	11	22	27	32	37	42	
A	93	5612	307964	500122	652837	1138456	2298216	9392612	
A	94	7	11	22	27	32	37	42	
A	94	5125	303258	494202	647972	1136511	2304145	9417060	
A	95	7	11	22	27	32	37	42	
A	95	5905	308764	504128	659618	1159367	2340852	9336812	
A	96	7	11	22	27	32	37	42	
A	96	5236	314817	513800	672861	1180728	2377680	9415843	
A	97	7	11	22	27	32	37	42	
A	97	5548	332320	538675	701618	1222077	2441480	9423377	
A	98	7	11	22	27	32	37	42	
A	98	5611	331635	533516	694419	1205655	2402307	9246793	
A	99	7	11	22	27	32	37	42	
A	99	5847	338821	549290	713859	1237515	2444973	9234015	
A	100	7	11	22	27	32	37	42	
A	100	6042	346183	564604	736538	1286453	2555706	9512619	
A	101	7	11	22	27	32	37	42	
A	101	5985	340588	552193	720846	1254206	2494757	9262634	
A	102	7	11	22	27	32	37	42	
A	102	6410	348895	561247	731367	1263902	2503597	9215792	
A	103	7	11	22	27	32	37	42	
A	103	6210	368196	589485	762789	1311311	2578439	9285288	
A	104	7	11	22	27	32	37	42	
A	104	6277	366859	592982	767386	1322227	2592583	9130961	
A	105	7	11	22	27	32	37	42	
A	105	6726	376844	608460	789618	1363312	2676319	9327350	
A	106	7	11	22	27	32	37	42	
A	106	7218	382333	614914	796675	1368170	2680086	9264684	
A	107	7	11	22	27	32	37	42	
A	107	7012	407351	654167	842265	1437848	2783619	9300436	
A	108	7	11	22	27	32	37	42	
A	108	6782	421124	673174	867213	1474642	2848868	9383101	
A	109	7	11	22	27	32	37	42	
A	109	7476	423890	674802	868525	1476068	2850883	9375360	
A	110	7	11	22	27	32	37	42	
A	110	7752	433736	688030	886044	1500876	2885629	9349216	
A	111	7	11	22	27	32	37	42	
A	111	6987	429658	696304	896231	1522701	2921304	9359913	
A	112	7	11	22	27	32	37	42	
A	112	7431	443633	705012	907066	1537061	2946954	9450166	
A	113	7	11	22	27	32	37	42	
A	113	7328	453501	718430	925385	1568650	2992402	9419967	
A	114	7	11	22	27	32	37	42	
A	114	6591	443332	717062	926516	1589549	3023677	9391277	
A	115	7	11	22	27	32	37	42	
A	115	7422	461822	738592	956783	1640730	3118293	9558272	
A	116	7	11	22	27	32	37	42	
A	116	7253	464246	728616	965176	1696100	3161899	9445150	
A	117	7	11	22	27	32	37	42	
A	117	7292	487914	753922	1006348	1785964	3267981	9459085	
A	118	7	11	22	27	32	37	42	
A	118	7630	493600	770003	1023598	1808741	3302956	9420566	
A	119	7	11	22	27	32	37	42	
A	119	7502	508911	789601	1060966	1899853	3439156	9558506	
A	120	7	11	22	27	32	37	42	
A	120	7581	519391	811250	1082649	1932659	3481422	9415974	
A	121	7	11	22	27	32	37	42	
A	121	7793	541848	839565	1128144	2024257	3601945	9504706	
A	122	7	11	22	27	32	37	42	
A	122	8175	537594	831272	1133949	2070259	3646564	9476564	
A	123	7	11	22	27	32	37	42	
A	123	9278	556006	864986	1158367	2082128	3663235	9367075	
A	124	7	11	22	27	32	37	42	
A	124	9198	557055	889176	1179817	2097602	3691733	9286720	
A	125	7	11	22	27	32	37	42	
A	125	8786	578283	942230	1236439	2179126	3826306	9424965	
A	126	7	11	22	27	32	37	42	
A	126	9042	610286	981216	1292294	2270888	3942270	9450669	
A	127	7	11	22	27	32	37	42	
A	127	9004	627392	1014500	1336553	2362543	4086848	9608664	
A	128	7	11	22	27	32	37	42	
A	128	8828	633346	1030640	1358422	2362267	4072351	9408304	
A	129	7	11	22	27	32	37	42	
A	129	9424	635203	1058790	1400201	2359621	4082264	9349693	
A	130	7	11	22	27	32	37	42	
A	130	9505	641009	1067294	1419131	2362781	4091547	9325785	
A	131	7	11	22	27	32	37	42	
A	131	9419	660933	1095804	1447323	2427857	4171413	9307960	
A	132	7	11	22	27	32	37	42	
A	132	9961	669419	1117507	1506670	2434021	4170781	9204560	
A	133	7	11	22	27	32	37	42	
A	133	9889	685749	1148798	1551755	2519119	4297620	9284640	
A	134	7	11	22	27	32	37	42	
A	134	9662	688450	1151407	1578680	2535624	4320771	9230838	
A	135	7	11	22	27	32	37	42	
A	135	9972	718635	1195639	1641951	2697399	4534788	9302496	
A	136	7	11	22	27	32	37	42	
A	136	10030	737883	1229244	1688497	2763542	4609923	9279149	
A	137	7	11	22	27	32	37	42	
A	137	10101	755297	1259885	1735904	2917685	4836239	9425082	
A	138	7	11	22	27	32	37	42	
A	138	10174	746810	1239084	1720429	2907461	4803795	9283326	
A	139	7	11	22	27	32	37	42	
A	139	9904	762419	1266462	1765219	3011314	4943694	9344053	
A	140	7	11	22	27	32	37	42	
A	140	10495	792589	1315911	1823968	3126585	5082637	9367023	
A	141	7	11	22	27	32	37	42	
A	141	10434	788993	1310915	1801303	3185499	5137652	9236389	
A	142	7	11	22	27	32	37	42	
A	142	11326	817648	1355318	1861851	3291460	5277121	9313633	
A	143	7	11	22	27	32	37	42	
A	143	11998	843720	1393433	1929261	3359870	5352416	9351494	
A	144	7	11	22	27	32	37	42	
A	144	13667	863345	1414164	1971564	3405957	5387016	9208653	
A	145	7	11	22	27	32	37	42	
A	145	11720	901289	1454808	2128453	3496371	5506734	9344269	
A	146	7	11	22	27	32	37	42	
A	146	12661	925151	1490500	2213361	3573780	5574347	9319036	
A	147	7	11	22	27	32	37	42	
A	147	12334	967702	1544400	2291592	3611496	5598559	9197628	
A	148	7	11	22	27	32	37	42	
A	148	13084	1000428	1581654	2390623	3662522	5659358	9250376	
A	149	7	11	22	27	32	37	42	
A	149	12308	1024640	1624441	2445565	3785947	5797207	9288549	
T	0	11	27	32	37	
T	0	89652	370297	4569633	4569636	
T	1	11	27	32	37	
T	1	274231	1035323	11576087	11849142	
T	2	11	27	32	37	
T	2	206306	644299	1735447	9085463	
T	3	11	27	32	37	
T	3	102082	333732	864588	7823031	
T	4	11	27	32	37	
T	4	82133	274089	694809	8506720	
T	5	11	27	32	37	42	
T	5	68183	248815	610442	1729237	8605668	
T	6	11	27	32	37	42	
T	6	96671	344140	839417	2261261	12829330	
T	7	11	27	32	37	42	
T	7	69657	251889	621050	1647755	10343697	
T	8	11	22	27	32	37	42	
T	8	70508	70905	255596	635564	1673654	11039234	
T	9	11	22	27	32	37	42	
T	9	50133	50691	186080	474307	1254472	8766261	
T	10	11	22	27	32	37	42	
T	10	48576	49318	181076	459645	1206470	8503214	
T	11	11	22	27	32	37	42	
T	11	60188	61128	220968	558241	1462247	9998885	
T	12	11	22	27	32	37	42	
T	12	61292	62446	226507	568848	1486478	10095312	
T	13	11	22	27	32	37	42	
T	13	60671	61895	226027	568164	1489407	10126103	
T	14	11	22	27	32	37	42	
T	14	57261	58378	213121	538492	1415617	9729931	
T	15	11	22	27	32	37	42	
T	15	58947	60273	217480	545484	1418233	9654782	
T	16	11	22	27	32	37	42	
T	16	59193	60473	218646	548941	1426974	9715601	
T	17	7	11	22	27	32	37	42	
T	17	13	60415	63199	221394	553612	1434432	9637048	
T	18	7	11	22	27	32	37	42	
T	18	36	59777	67753	222035	553425	1430789	9551297	
T	19	7	11	22	27	32	37	42	
T	19	77	60269	74813	224011	553375	1421394	9553310	
T	20	7	11	22	27	32	37	42	
T	20	169	62046	90417	233473	568338	1449991	9593852	
T	21	7	11	22	27	32	37	42	
T	21	317	58963	106370	230135	553483	1396135	9423312	
T	22	7	11	22	27	32	37	42	
T	22	394	62264	128359	245809	580138	1447501	9619444	
T	23	7	11	22	27	32	37	42	
T	23	687	66680	163207	267979	613398	1495083	9628741	
T	24	7	11	22	27	32	37	42	
T	24	610	67994	174147	274841	625980	1515144	9651345	
T	25	7	11	22	27	32	37	42	
T	25	1107	102675	219860	320646	672867	1575740	9819167	
T	26	7	11	22	27	32	37	42	
T	26	988	107851	232437	331151	685459	1582403	9791512	
T	27	7	11	22	27	32	37	42	
T	27	998	110487	236391	334983	688446	1574105	9645195	
T	28	7	11	22	27	32	37	42	
T	28	1210	115542	245026	346543	704014	1598160	9677977	
T	29	7	11	22	27	32	37	42	
T	29	1266	120249	255688	361056	733231	1657659	9953057	
T	30	7	11	22	27	32	37	42	
T	30	1108	117542	250091	350364	710360	1603881	9626587	
T	31	7	11	22	27	32	37	42	
T	31	1112	121272	260562	361340	729887	1648641	9868551	
T	32	7	11	22	27	32	37	42	
T	32	1123	121383	260913	359033	724076	1628964	9777117	
T	33	7	11	22	27	32	37	42	
T	33	1031	118573	255548	350351	705682	1588467	9509185	
T	34	7	11	22	27	32	37	42	
T	34	1232	124602	268338	366540	738958	1657614	9761764	
T	35	7	11	22	27	32	37	42	
T	35	1129	129056	278017	377580	757104	1689982	9706714	
T	36	7	11	22	27	32	37	42	
T	36	1301	132237	283509	383060	766142	1703195	9576951	
T	37	7	11	22	27	32	37	42	
T	37	1320	132698	285414	386520	767342	1708343	9663554	
T	38	7	11	22	27	32	37	42	
T	38	1362	143488	301054	403538	794921	1754416	9667787	
T	39	7	11	22	27	32	37	42	
T	39	1342	142272	303392	413523	806141	1776356	9670464	
T	40	7	11	22	27	32	37	42	
T	40	2182	149847	315919	437121	837729	1845474	9896675	
T	41	7	11	22	27	32	37	42	
T	41	1612	145851	306201	426875	811074	1784432	9648160	
T	42	7	11	22	27	32	37	42	
T	42	1363	157393	327232	454643	842870	1812050	9501349	
T	43	7	11	22	27	32	37	42	
T	43	1638	171379	350727	482616	883570	1887484	9770349	
T	44	7	11	22	27	32	37	42	
T	44	1608	164726	340504	472141	876592	1896733	9763353	
T	45	7	11	22	27	32	37	42	
T	45	1613	158942	333176	464362	868455	1889816	9597540	
T	46	7	11	22	27	32	37	42	
T	46	1612	158317	330468	460832	861137	1876750	9631045	
T	47	7	11	22	27	32	37	42	
T	47	1678	164813	344140	479448	893273	1938839	9824729	
T	48	7	11	22	27	32	37	42	
T	48	1670	171684	351682	485264	895135	1922026	9714390	
T	49	7	11	22	27	32	37	42	
T	49	1741	170329	352989	487976	903842	1940420	9730506	
T	50	7	11	22	27	32	37	42	
T	50	1665	171453	353394	488137	901315	1933167	9619678	
T	51	7	11	22	27	32	37	42	
T	51	1758	177182	358518	491112	895846	1906126	9308265	
T	52	7	11	22	27	32	37	42	
T	52	1819	174740	362637	499647	920080	1966567	9496456	
T	53	7	11	22	27	32	37	42	
T	53	1812	178615	364421	500657	917632	1954785	9382186	
T	54	7	11	22	27	32	37	42	
T	54	1894	189108	387176	529769	968463	2044158	9477464	
T	55	7	11	22	27	32	37	42	
T	55	2095	191282	389772	533700	975499	2054143	9530391	
T	56	7	11	22	27	32	37	42	
T	56	2195	197458	399480	544789	991788	2084911	9590238	
T	57	7	11	22	27	32	37	42	
T	57	2198	194895	396097	541902	986623	2082387	9488901	
T	58	7	11	22	27	32	37	42	
T	58	2186	202765	409628	558692	1012692	2122323	9509341	
T	59	7	11	22	27	32	37	42	
T	59	2138	204133	411445	562145	1019456	2138111	9634209	
T	60	7	11	22	27	32	37	42	
T	60	2068	208751	421174	573897	1038382	2159890	9535193	
T	61	7	11	22	27	32	37	42	
T	61	2172	206262	417632	569259	1031450	2158923	9578392	
T	62	7	11	22	27	32	37	42	
T	62	2217	215323	434318	590834	1069482	2226239	9764728	
T	63	7	11	22	27	32	37	42	
T	63	2132	216540	433306	588431	1064368	2216298	9694426	
T	64	7	11	22	27	32	37	42	
T	64	2390	223422	436048	592409	1066221	2210538	9644345	
T	65	7	11	22	27	32	37	42	
T	65	2735	229994	439359	596746	1072981	2222414	9566381	
T	66	7	11	22	27	32	37	42	
T	66	2349	236207	438928	593578	1063949	2197432	9393053	
T	67	7	11	22	27	32	37	42	
T	67	2961	248992	453859	613357	1097176	2253092	9532243	
T	68	7	11	22	27	32	37	42	
T	68	2631	254167	453669	613299	1099128	2262112	9440002	
T	69	7	11	22	27	32	37	42	
T	69	2606	264548	455663	615603	1097770	2250865	9302488	
T	70	7	11	22	27	32	37	42	
T	70	3188	288785	491668	660058	1168023	2371888	9545517	
T	71	7	11	22	27	32	37	42	
T	71	3082	288544	490300	659614	1169685	2375482	9490843	
T	72	7	11	22	27	32	37	42	
T	72	2953	286786	488297	657792	1167434	2375640	9477947	
T	73	7	11	22	27	32	37	42	
T	73	3225	296589	503468	676863	1198718	2425664	9629936	
T	74	7	11	22	27	32	37	42	
T	74	2948	308846	521949	700946	1237384	2496013	9574146	
T	75	7	11	22	27	32	37	42	
T	75	3177	312415	526233	705073	1236091	2481484	9416970	
T	76	7	11	22	27	32	37	42	
T	76	3134	309825	521587	757206	1423457	3486424	9510533	
T	77	7	11	22	27	32	37	42	
T	77	2871	280862	467392	660229	1206646	2726345	9436605	
T	78	7	11	22	27	32	37	42	
T	78	2985	262607	438585	603799	1095385	2358815	9362515	
T	79	7	11	22	27	32	37	42	
T	79	2772	257742	433392	588884	1062114	2241408	9366257	
T	80	7	11	22	27	32	37	42	
T	80	2789	260964	438636	591730	1067570	2240371	9579438	
T	81	7	11	22	27	32	37	42	
T	81	2520	263364	442824	594086	1066513	2217286	9444702	
T	82	7	11	22	27	32	37	42	
T	82	3897	271923	455513	611122	1090572	2252225	9617525	
T	83	7	11	22	27	32	37	42	
T	83	3409	265073	442431	591858	1056937	2183960	9397695	
T	84	7	11	22	27	32	37	42	
T	84	2923	266421	443042	591407	1052915	2166613	9312373	
T	85	7	11	22	27	32	37	42	
T	85	3762	279725	466407	621236	1102483	2258587	9494850	
T	86	7	11	22	27	32	37	42	
T	86	3479	281735	468390	622370	1103914	2254687	9382071	
T	87	7	11	22	27	32	37	42	
T	87	3537	276788	461204	614070	1089613	2233047	9257287	
T	88	7	11	22	27	32	37	42	
T	88	3714	292245	484339	642816	1132640	2302968	9402738	
T	89	7	11	22	27	32	37	42	
T	89	3750	302389	504692	668544	1180518	2386990	9499090	
T	90	7	11	22	27	32	37	42	
T	90	3758	303779	504306	668926	1181907	2397645	9448132	
T	91	7	11	22	27	32	37	42	
T	91	3736	310090	514634	681459	1203556	2439594	9567325	
T	92	7	11	22	27	32	37	42	
T	92	4384	312691	519888	688548	1213953	2452947	9547675	
T	93	7	11	22	27	32	37	42	
T	93	4249	316696	524286	691486	1211404	2438878	9375974	
T	94	7	11	22	27	32	37	42	
T	94	4546	321240	532073	703325	1233739	2474309	9469759	
T	95	7	11	22	27	32	37	42	
T	95	4565	328974	543190	716220	1254398	2506904	9399143	
T	96	7	11	22	27	32	37	42	
T	96	4784	334041	549289	724994	1264045	2514376	9360004	
T	97	7	11	22	27	32	37	42	
T	97	5028	357188	587297	770585	1339284	2641911	9615166	
T	98	7	11	22	27	32	37	42	
T	98	4562	349995	571885	750739	1305764	2585047	9421044	
T	99	7	11	22	27	32	37	42	
T	99	4721	353492	581513	761255	1322858	2599259	9332211	
T	100	7	11	22	27	32	37	42	
T	100	5521	361353	594310	779198	1354811	2658723	9368721	
T	101	7	11	22	27	32	37	42	
T	101	4983	359480	590128	777062	1355130	2681451	9498909	
T	102	7	11	22	27	32	37	42	
T	102	4914	362081	592617	779206	1353656	2669278	9298254	
T	103	7	11	22	27	32	37	42	
T	103	5212	380597	622430	815096	1407011	2757847	9404849	
T	104	7	11	22	27	32	37	42	
T	104	4925	386181	633860	828475	1430522	2786804	9331229	
T	105	7	11	22	27	32	37	42	
T	105	4919	387009	634436	830390	1434312	2811729	9298538	
T	106	7	11	22	27	32	37	42	
T	106	4939	386993	634576	831422	1435901	2808408	9281054	
T	107	7	11	22	27	32	37	42	
T	107	5979	404246	657719	856638	1471377	2861666	9268512	
T	108	7	11	22	27	32	37	42	
T	108	5854	416919	674571	876670	1493179	2879181	9117981	
T	109	7	11	22	27	32	37	42	
T	109	6298	432121	699366	909364	1549457	2986931	9379593	
T	110	7	11	22	27	32	37	42	
T	110	5531	435565	705806	917871	1567494	3017573	9487276	
T	111	7	11	22	27	32	37	42	
T	111	5285	439875	719079	933453	1588604	3035394	9363647	
T	112	7	11	22	27	32	37	42	
T	112	6256	458663	740788	960237	1631161	3109886	9525895	
T	113	7	11	22	27	32	37	42	
T	113	6040	455024	731470	950819	1616584	3064451	9343205	
T	114	7	11	22	27	32	37	42	
T	114	5325	460111	748483	974850	1669105	3148147	9368496	
T	115	7	11	22	27	32	37	42	
T	115	5870	470291	758709	988965	1691620	3174109	9308237	
T	116	7	11	22	27	32	37	42	
T	116	5528	475601	752243	1007508	1771138	3250354	9318779	
T	117	7	11	22	27	32	37	42	
T	117	5566	492106	765998	1033222	1837616	3303910	9254769	
T	118	7	11	22	27	32	37	42	
T	118	5606	504193	794138	1068722	1893286	3405148	9396773	
T	119	7	11	22	27	32	37	42	
T	119	5815	519381	809471	1098977	1961944	3473101	9228503	
T	120	7	11	22	27	32	37	42	
T	120	6069	530130	831368	1123061	1996497	3524415	9198974	
T	121	7	11	22	27	32	37	42	
T	121	6432	554868	862103	1171724	2094287	3647993	9310723	
T	122	7	11	22	27	32	37	42	
T	122	6627	557104	864603	1190941	2164497	3711489	9205355	
T	123	7	11	22	27	32	37	42	
T	123	6642	573659	899915	1221614	2197382	3762872	9271086	
T	124	7	11	22	27	32	37	42	
T	124	9071	595931	958176	1288304	2293179	3935432	9544706	
T	125	7	11	22	27	32	37	42	
T	125	7455	596374	974333	1293603	2268568	3886686	9207189	
T	126	7	11	22	27	32	37	42	
T	126	6946	631078	1012903	1348833	2355669	3982370	9211118	
T	127	7	11	22	27	32	37	42	
T	127	7775	645288	1035505	1379488	2409873	4057601	9168822	
T	128	7	11	22	27	32	37	42	
T	128	7208	658614	1072045	1429132	2470734	4156778	9300079	
T	129	7	11	22	27	32	37	42	
T	129	7045	658718	1103399	1474035	2482098	4223749	9424753	
T	130	7	11	22	27	32	37	42	
T	130	7327	678903	1135743	1522249	2527004	4281836	9402887	
T	131	7	11	22	27	32	37	42	
T	131	7719	696573	1157638	1543346	2570620	4311373	9281981	
T	132	7	11	22	27	32	37	42	
T	132	8010	717228	1203027	1634677	2638758	4431839	9385509	
T	133	7	11	22	27	32	37	42	
T	133	7988	724469	1219019	1658485	2683996	4489094	9346559	
T	134	7	11	22	27	32	37	42	
T	134	8030	723621	1214742	1676135	2692266	4510441	9311669	
T	135	7	11	22	27	32	37	42	
T	135	7976	749676	1253549	1729171	2833536	4677357	9316503	
T	136	7	11	22	27	32	37	42	
T	136	8413	769427	1288004	1780920	2914525	4788515	9361816	
T	137	7	11	22	27	32	37	42	
T	137	8246	774043	1294559	1792632	3001154	4895198	9267821	
T	138	7	11	22	27	32	37	42	
T	138	8483	786232	1309415	1824079	3065011	4974021	9300138	
T	139	7	11	22	27	32	37	42	
T	139	9033	813998	1351292	1887576	3199427	5162783	9475110	
T	140	7	11	22	27	32	37	42	
T	140	9322	828776	1374300	1909863	3253566	5203072	9329970	
T	141	7	11	22	27	32	37	42	
T	141	9078	835682	1385328	1911998	3354657	5323305	9297373	
T	142	7	11	22	27	32	37	42	
T	142	10000	873454	1441970	1985466	3469618	5468528	9409069	
T	143	7	11	22	27	32	37	42	
T	143	9914	882545	1452055	2012076	3471311	5442168	9228998	
T	144	7	11	22	27	32	37	42	
T	144	9410	908563	1486198	2077893	3566644	5568276	9308460	
T	145	7	11	22	27	32	37	42	
T	145	9734	955241	1535173	2242466	3653659	5662849	9371632	
T	146	7	11	22	27	32	37	42	
T	146	10154	975986	1561254	2309448	3704949	5687099	9265437	
T	147	7	11	22	27	32	37	42	
T	147	10247	1014098	1613746	2390165	3751993	5746571	9287404	
T	148	7	11	22	27	32	37	42	
T	148	11099	1049372	1656735	2504147	3825618	5841110	9351193	
T	149	7	11	22	27	32	37	42	
T	149	11142	1071914	1688348	2531783	3897159	5893207	9227496	
G	0	11	27	32	37	
G	0	112832	498412	5847611	5847621	
G	1	11	27	32	37	
G	1	74962	359597	5813910	5926677	
G	2	11	27	32	37	
G	2	77371	283359	844952	5427704	
G	3	11	27	32	37	
G	3	63424	233388	649475	6526453	
G	4	11	27	32	37	
G	4	43367	167266	460857	6829154	
G	5	11	27	32	37	42	
G	5	27434	139934	340635	1119379	5686085	
G	6	11	27	32	37	42	
G	6	19720	91702	237047	747483	4943738	
G	7	11	22	27	32	37	42	
G	7	18999	19083	88973	233694	733404	4992915	
G	8	11	22	27	32	37	42	
G	8	19442	19718	91976	241448	728237	5480344	
G	9	11	22	27	32	37	42	
G	9	18757	19201	89686	235448	701358	5296708	
G	10	11	22	27	32	37	42	
G	10	21923	22859	104656	277208	821705	6140463	
G	11	11	22	27	32	37	42	
G	11	19487	20208	93875	245709	723192	5645311	
G	12	11	22	27	32	37	42	
G	12	18515	19186	89550	233924	702873	5394757	
G	13	11	22	27	32	37	42	
G	13	18764	19553	89723	235327	710812	5511610	
G	14	11	22	27	32	37	42	
G	14	18811	19734	93062	245424	742912	5752325	
G	15	11	22	27	32	37	42	
G	15	20304	21307	98841	253131	748262	5622932	
G	16	11	22	27	32	37	42	
G	16	20376	21392	98898	256872	766778	5830747	
G	17	7	11	22	27	32	37	42	
G	17	22	20080	21670	96670	252244	748584	5843098	
G	18	7	11	22	27	32	37	42	
G	18	96	20317	23913	97352	252715	751723	5790981	
G	19	7	11	22	27	32	37	42	
G	19	218	20778	27580	99537	255305	757290	5792453	
G	20	7	11	22	27	32	37	42	
G	20	515	21903	34774	105283	265173	763503	5908805	
G	21	7	11	22	27	32	37	42	
G	21	724	20941	41728	103345	260117	747356	5688352	
G	22	7	11	22	27	32	37	42	
G	22	1003	21121	47174	103282	256645	729938	5556824	
G	23	7	11	22	27	32	37	42	
G	23	1535	22392	59977	110328	266541	732008	5587053	
G	24	7	11	22	27	32	37	42	
G	24	1649	23771	65593	114470	273932	746098	5593983	
G	25	7	11	22	27	32	37	42	
G	25	3069	38377	84934	132828	292454	761127	5535294	
G	26	7	11	22	27	32	37	42	
G	26	3219	41946	92561	142050	306990	782541	5572278	
G	27	7	11	22	27	32	37	42	
G	27	3637	45846	99476	150568	321646	810136	5562626	
G	28	7	11	22	27	32	37	42	
G	28	3658	47922	103916	157111	334034	840431	5666723	
G	29	7	11	22	27	32	37	42	
G	29	3564	47723	103049	155061	329596	825921	5637694	
G	30	7	11	22	27	32	37	42	
G	30	3688	47723	102188	153817	326670	823662	5548878	
G	31	7	11	22	27	32	37	42	
G	31	3708	47931	102348	152968	325150	817153	5528853	
G	32	7	11	22	27	32	37	42	
G	32	3942	49599	106527	158329	333489	829928	5598646	
G	33	7	11	22	27	32	37	42	
G	33	4014	52164	112100	165440	348077	861724	5718628	
G	34	7	11	22	27	32	37	42	
G	34	4683	53121	113420	167177	350118	865051	5744230	
G	35	7	11	22	27	32	37	42	
G	35	4629	55116	117495	171987	357547	877022	5690133	
G	36	7	11	22	27	32	37	42	
G	36	4505	58002	122036	177644	367495	899460	5758128	
G	37	7	11	22	27	32	37	42	
G	37	5394	58670	122395	179333	368874	904160	5697428	
G	38	7	11	22	27	32	37	42	
G	38	6310	70588	140886	199822	395926	942195	5741656	
G	39	7	11	22	27	32	37	42	
G	39	5173	59719	122756	179643	364170	892008	5504602	
G	40	7	11	22	27	32	37	42	
G	40	5399	61378	123764	182652	367273	901446	5572713	
G	41	7	11	22	27	32	37	42	
G	41	5354	62732	125269	186463	371726	913973	5633337	
G	42	7	11	22	27	32	37	42	
G	42	5313	66654	130036	192260	378089	916716	5520187	
G	43	7	11	22	27	32	37	42	
G	43	6744	80035	149259	214059	404155	949553	5552272	
G	44	7	11	22	27	32	37	42	
G	44	6520	80333	151604	218017	413777	971648	5585836	
G	45	7	11	22	27	32	37	42	
G	45	5735	69777	137671	202785	396157	960762	5551769	
G	46	7	11	22	27	32	37	42	
G	46	6549	73063	141953	209411	409591	994818	5724530	
G	47	7	11	22	27	32	37	42	
G	47	6101	72748	142228	208218	404931	975060	5647353	
G	48	7	11	22	27	32	37	42	
G	48	6490	83213	157243	223800	423652	997867	5629165	
G	49	7	11	22	27	32	37	42	
G	49	6473	76826	149105	216044	417390	992062	5517432	
G	50	7	11	22	27	32	37	42	
G	50	6658	81051	156427	225943	433567	1028531	5664867	
G	51	7	11	22	27	32	37	42	
G	51	7264	91932	171931	240999	450632	1040542	5643176	
G	52	7	11	22	27	32	37	42	
G	52	6783	80011	154339	221896	428152	1018967	5529891	
G	53	7	11	22	27	32	37	42	
G	53	7230	86254	165131	236725	453736	1074407	5800875	
G	54	7	11	22	27	32	37	42	
G	54	7532	84959	163207	232977	445580	1049893	5669497	
G	55	7	11	22	27	32	37	42	
G	55	8163	85544	162900	233427	445136	1051900	5610188	
G	56	7	11	22	27	32	37	42	
G	56	8033	90057	170277	242048	459882	1069816	5644988	
G	57	7	11	22	27	32	37	42	
G	57	7932	90371	171324	244197	463592	1082467	5620902	
G	58	7	11	22	27	32	37	42	
G	58	8235	93344	175941	249815	471795	1091289	5624919	
G	59	7	11	22	27	32	37	42	
G	59	8342	94835	177964	252669	476602	1108167	5631592	
G	60	7	11	22	27	32	37	42	
G	60	8064	95889	180945	254936	479499	1113798	5614769	
G	61	7	11	22	27	32	37	42	
G	61	8948	99455	186795	264484	498155	1148850	5697131	
G	62	7	11	22	27	32	37	42	
G	62	9298	102090	190482	268327	502268	1153276	5653645	
G	63	7	11	22	27	32	37	42	
G	63	9809	103126	190618	267433	499836	1149839	5619947	
G	64	7	11	22	27	32	37	42	
G	64	10406	108122	196698	276982	516807	1192453	5751349	
G	65	7	11	22	27	32	37	42	
G	65	10397	110763	199447	279704	520638	1195613	5733663	
G	66	7	11	22	27	32	37	42	
G	66	10109	110137	194360	272460	507626	1175391	5589590	
G	67	7	11	22	27	32	37	42	
G	67	10511	115245	199941	279986	520924	1201280	5615607	
G	68	7	11	22	27	32	37	42	
G	68	11147	123932	211237	295321	546668	1246141	5710110	
G	69	7	11	22	27	32	37	42	
G	69	11690	128138	213884	299658	553218	1261805	5696667	
G	70	7	11	22	27	32	37	42	
G	70	12208	137349	225394	312089	566622	1267647	5656499	
G	71	7	11	22	27	32	37	42	
G	71	12090	140270	232011	321847	590984	1326799	5805460	
G	72	7	11	22	27	32	37	42	
G	72	12342	136037	225033	313550	578888	1310137	5713418	
G	73	7	11	22	27	32	37	42	
G	73	13180	139217	227838	317670	581596	1307639	5658413	
G	74	7	11	22	27	32	37	42	
G	74	12932	142737	232937	322546	586108	1309897	5666772	
G	75	7	11	22	27	32	37	42	
G	75	13114	148330	240777	330932	597098	1319647	5695722	
G	76	7	11	22	27	32	37	42	
G	76	13806	169907	318631	475250	1056352	3112834	5665722	
G	77	7	11	22	27	32	37	42	
G	77	11267	142743	231593	337020	660543	1850336	5747037	
G	78	7	11	22	27	32	37	42	
G	78	10023	132235	208965	292391	542606	1352459	5740609	
G	79	7	11	22	27	32	37	42	
G	79	11315	137780	212519	289722	517574	1209535	5767772	
G	80	7	11	22	27	32	37	42	
G	80	11751	140307	214562	288688	506929	1157572	5775237	
G	81	7	11	22	27	32	37	42	
G	81	11728	139685	212691	283215	494331	1112966	5673535	
G	82	7	11	22	27	32	37	42	
G	82	13234	145821	219838	290965	503027	1117291	5705060	
G	83	7	11	22	27	32	37	42	
G	83	14596	149062	223443	293680	503992	1119083	5702221	
G	84	7	11	22	27	32	37	42	
G	84	16233	151306	226386	297152	510608	1126751	5747316	
G	85	7	11	22	27	32	37	42	
G	85	18487	154358	230561	302255	517349	1140906	5721680	
G	86	7	11	22	27	32	37	42	
G	86	19024	158210	237111	310298	530434	1164707	5786655	
G	87	7	11	22	27	32	37	42	
G	87	19936	164087	244966	320272	546696	1198797	5854396	
G	88	7	11	22	27	32	37	42	
G	88	22218	171971	253656	329166	554234	1199013	5765194	
G	89	7	11	22	27	32	37	42	
G	89	22658	170664	253249	328556	555154	1204906	5744057	
G	90	7	11	22	27	32	37	42	
G	90	22337	172466	255989	331860	560107	1216982	5659353	
G	91	7	11	22	27	32	37	42	
G	91	24164	175050	259376	337538	571348	1234479	5684921	
G	92	7	11	22	27	32	37	42	
G	92	25415	180134	268066	349413	593255	1283163	5839717	
G	93	7	11	22	27	32	37	42	
G	93	26713	189287	278550	358967	600112	1283191	5730234	
G	94	7	11	22	27	32	37	42	
G	94	26615	185430	275754	358315	605139	1299880	5779140	
G	95	7	11	22	27	32	37	42	
G	95	27008	190246	282293	367206	621641	1330019	5824674	
G	96	7	11	22	27	32	37	42	
G	96	27347	191692	282073	364856	617245	1317157	5725659	
G	97	7	11	22	27	32	37	42	
G	97	28391	205348	300520	386432	646896	1352578	5700277	
G	98	7	11	22	27	32	37	42	
G	98	28616	216627	317725	407318	683258	1422360	5897205	
G	99	7	11	22	27	32	37	42	
G	99	28834	210049	311408	400239	677569	1407066	5843959	
G	100	7	11	22	27	32	37	42	
G	100	29823	211392	312827	403152	683853	1413448	5745037	
G	101	7	11	22	27	32	37	42	
G	101	30892	213708	314805	406022	687026	1423417	5742280	
G	102	7	11	22	27	32	37	42	
G	102	29635	217005	322057	414454	707304	1467463	5859558	
G	103	7	11	22	27	32	37	42	
G	103	31422	225227	331155	425787	715289	1465959	5792621	
G	104	7	11	22	27	32	37	42	
G	104	30997	236789	354475	458255	780653	1597137	6059366	
G	105	7	11	22	27	32	37	42	
G	105	30591	227099	335754	432840	734339	1514504	5792141	
G	106	7	11	22	27	32	37	42	
G	106	31338	237185	355645	460903	790528	1627916	6087171	
G	107	7	11	22	27	32	37	42	
G	107	32122	245634	361991	467429	784763	1605129	5931796	
G	108	7	11	22	27	32	37	42	
G	108	32027	253807	373865	480882	808998	1635188	5897780	
G	109	7	11	22	27	32	37	42	
G	109	31426	255261	375187	480512	807034	1629780	5820043	
G	110	7	11	22	27	32	37	42	
G	110	32493	258131	376759	481450	810574	1628834	5793843	
G	111	7	11	22	27	32	37	42	
G	111	31625	257609	384812	492899	836436	1663170	5819605	
G	112	7	11	22	27	32	37	42	
G	112	32827	264975	388190	495297	841135	1670180	5791097	
G	113	7	11	22	27	32	37	42	
G	113	33381	267810	390923	498979	847194	1677045	5825745	
G	114	7	11	22	27	32	37	42	
G	114	33015	264313	392571	504453	868603	1718094	5793381	
G	115	7	11	22	27	32	37	42	
G	115	34038	267793	393787	508164	879109	1736371	5787458	
G	116	7	11	22	27	32	37	42	
G	116	33908	275047	397234	521708	920302	1819137	5810785	
G	117	7	11	22	27	32	37	42	
G	117	35537	294341	418885	554461	978442	1910492	5817304	
G	118	7	11	22	27	32	37	42	
G	118	37515	293536	422511	558836	986277	1920687	5817977	
G	119	7	11	22	27	32	37	42	
G	119	37100	301648	429486	573335	1020683	1983471	5826288	
G	120	7	11	22	27	32	37	42	
G	120	36509	307990	442707	591131	1050656	2035108	5851927	
G	121	7	11	22	27	32	37	42	
G	121	40565	323086	458146	616878	1096179	2105331	5812209	
G	122	7	11	22	27	32	37	42	
G	122	41350	324118	458449	629662	1136664	2195762	5888800	
G	123	7	11	22	27	32	37	42	
G	123	40768	332979	475229	645655	1154256	2215569	5865716	
G	124	7	11	22	27	32	37	42	
G	124	41393	331191	482350	655911	1158528	2224320	5855583	
G	125	7	11	22	27	32	37	42	
G	125	42025	350458	516970	698071	1221035	2326925	5975220	
G	126	7	11	22	27	32	37	42	
G	126	41929	357249	518270	696744	1206078	2280279	5780667	
G	127	7	11	22	27	32	37	42	
G	127	43338	361479	526393	710858	1239953	2339500	5784719	
G	128	7	11	22	27	32	37	42	
G	128	43245	375059	549367	742411	1278695	2394699	5822046	
G	129	7	11	22	27	32	37	42	
G	129	42841	367144	550710	748474	1271181	2383959	5724671	
G	130	7	11	22	27	32	37	42	
G	130	46009	385631	580182	788209	1332122	2475505	5829103	
G	131	7	11	22	27	32	37	42	
G	131	46500	402618	606283	818515	1387555	2562443	5964542	
G	132	7	11	22	27	32	37	42	
G	132	45000	400178	609111	830376	1383239	2546324	5836347	
G	133	7	11	22	27	32	37	42	
G	133	47056	412037	629103	858277	1435486	2627589	5908131	
G	134	7	11	22	27	32	37	42	
G	134	47206	425844	654454	898458	1501339	2724131	5982423	
G	135	7	11	22	27	32	37	42	
G	135	46974	421278	642237	879706	1503577	2710173	5818241	
G	136	7	11	22	27	32	37	42	
G	136	47967	430815	658838	905368	1544019	2757712	5832724	
G	137	7	11	22	27	32	37	42	
G	137	47826	437782	668993	920541	1608947	2852915	5858818	
G	138	7	11	22	27	32	37	42	
G	138	47991	434568	664096	921368	1627848	2890943	5841462	
G	139	7	11	22	27	32	37	42	
G	139	49977	449985	682838	948755	1675008	2938033	5815672	
G	140	7	11	22	27	32	37	42	
G	140	52266	467188	708847	978167	1739063	3013167	5832514	
G	141	7	11	22	27	32	37	42	
G	141	53569	475132	724014	994200	1812934	3108172	5860739	
G	142	7	11	22	27	32	37	42	
G	142	55038	485152	735677	1009335	1837666	3134148	5865895	
G	143	7	11	22	27	32	37	42	
G	143	56799	503302	759355	1046707	1882804	3196861	5873947	
G	144	7	11	22	27	32	37	42	
G	144	54777	510049	767088	1065830	1907383	3226533	5869281	
G	145	7	11	22	27	32	37	42	
G	145	57902	540509	800847	1158277	1979753	3314472	5922111	
G	146	7	11	22	27	32	37	42	
G	146	58768	556690	824600	1212855	2051330	3399954	5981367	
G	147	7	11	22	27	32	37	42	
G	147	60941	577098	846120	1240741	2047665	3382277	5892081	
G	148	7	11	22	27	32	37	42	
G	148	61265	604908	885111	1331391	2147629	3529191	6048762	
G	149	7	11	22	27	32	37	42	
G	149	62233	607004	882574	1312580	2130975	3475281	5897007	
C	0	11	27	32	37	
C	0	206174	861366	12913525	12913579	
C	1	11	27	32	37	
C	1	69835	341632	5365240	5479787	
C	2	11	27	32	37	
C	2	106069	382597	1096831	7488037	
C	3	11	27	32	37	
C	3	60034	221692	615832	7271674	
C	4	11	27	32	37	
C	4	27887	106360	299937	5434980	
C	5	11	27	32	37	42	
C	5	23924	112607	277719	892192	5449103	
C	6	11	27	32	37	42	
C	6	20082	91717	237589	696664	5368350	
C	7	11	22	27	32	37	42	
C	7	24116	24228	108459	280295	802615	6461182	
C	8	11	22	27	32	37	42	
C	8	21268	21777	96829	250827	705428	5999108	
C	9	11	22	27	32	37	42	
C	9	17101	17429	73460	195405	559755	5116686	
C	10	11	22	27	32	37	42	
C	10	20331	20894	92064	243879	682636	6233570	
C	11	11	22	27	32	37	42	
C	11	20023	20670	92204	242314	671454	6126103	
C	12	11	22	27	32	37	42	
C	12	19167	19862	87183	225436	629362	5660336	
C	13	11	22	27	32	37	42	
C	13	18583	19240	83919	218424	612755	5508426	
C	14	11	22	27	32	37	42	
C	14	19403	20166	88222	229694	645272	5774315	
C	15	11	22	27	32	37	42	
C	15	20755	21591	92684	238163	660894	5929587	
C	16	11	22	27	32	37	42	
C	16	19655	20407	88237	229473	643575	5772464	
C	17	7	11	22	27	32	37	42	
C	17	17	21155	22674	93280	240092	665012	5844741	
C	18	7	11	22	27	32	37	42	
C	18	101	22380	26128	99543	253482	698547	6108786	
C	19	7	11	22	27	32	37	42	
C	19	178	21255	27588	94517	238788	657758	5763875	
C	20	7	11	22	27	32	37	42	
C	20	345	21654	33081	96215	240433	651383	5698733	
C	21	7	11	22	27	32	37	42	
C	21	710	22599	42684	102923	252602	678326	5905877	
C	22	7	11	22	27	32	37	42	
C	22	989	23509	49700	105062	253072	662289	5747589	
C	23	7	11	22	27	32	37	42	
C	23	1363	25048	63942	115060	269130	684901	5873848	
C	24	7	11	22	27	32	37	42	
C	24	1815	27128	70946	122667	283385	716450	6054435	
C	25	7	11	22	27	32	37	42	
C	25	2806	42243	89067	136799	289953	702150	5761642	
C	26	7	11	22	27	32	37	42	
C	26	3138	45927	96576	145600	303684	723274	5857220	
C	27	7	11	22	27	32	37	42	
C	27	3392	48689	102342	153083	316758	746762	5963086	
C	28	7	11	22	27	32	37	42	
C	28	3408	47242	98367	146462	302111	713982	5651615	
C	29	7	11	22	27	32	37	42	
C	29	3478	51221	105884	156973	319684	748320	5794006	
C	30	7	11	22	27	32	37	42	
C	30	3782	55115	114089	167988	341144	792318	6074688	
C	31	7	11	22	27	32	37	42	
C	31	3810	52008	107660	158104	319279	743713	5687363	
C	32	7	11	22	27	32	37	42	
C	32	3772	53387	111012	161878	327931	759836	5801906	
C	33	7	11	22	27	32	37	42	
C	33	3497	52984	110888	161476	329074	767454	5906633	
C	34	7	11	22	27	32	37	42	
C	34	3986	54350	110577	159341	320655	744896	5617284	
C	35	7	11	22	27	32	37	42	
C	35	4353	57946	118158	171134	342154	786637	5789173	
C	36	7	11	22	27	32	37	42	
C	36	4791	61849	125177	179719	356924	820245	5919134	
C	37	7	11	22	27	32	37	42	
C	37	5507	60563	121635	175877	347074	799133	5714904	
C	38	7	11	22	27	32	37	42	
C	38	6888	71987	140497	200453	384561	863538	5919724	
C	39	7	11	22	27	32	37	42	
C	39	6323	67526	134627	195583	380042	865757	6009866	
C	40	7	11	22	27	32	37	42	
C	40	5242	64872	126527	183434	353601	809882	5673310	
C	41	7	11	22	27	32	37	42	
C	41	5486	68784	133671	195215	371212	845477	5830045	
C	42	7	11	22	27	32	37	42	
C	42	6050	75228	143616	208993	393219	882950	6020809	
C	43	7	11	22	27	32	37	42	
C	43	5892	88120	167351	240026	432874	929344	5790841	
C	44	7	11	22	27	32	37	42	
C	44	6119	89167	170100	244319	443237	955820	5873880	
C	45	7	11	22	27	32	37	42	
C	45	5757	78889	152964	222038	417950	943291	6055470	
C	46	7	11	22	27	32	37	42	
C	46	5670	75978	145434	211051	394720	890633	5720783	
C	47	7	11	22	27	32	37	42	
C	47	6331	78411	148678	214960	399727	893332	5749026	
C	48	7	11	22	27	32	37	42	
C	48	6668	89251	165813	234097	427116	930670	5872998	
C	49	7	11	22	27	32	37	42	
C	49	6466	86013	162887	230775	424356	928315	5742017	
C	50	7	11	22	27	32	37	42	
C	50	6778	89194	168129	238152	435594	954576	5834717	
C	51	7	11	22	27	32	37	42	
C	51	7317	100185	186634	259709	467735	1006820	6075123	
C	52	7	11	22	27	32	37	42	
C	52	6768	93202	176240	247908	451860	981812	5864896	
C	53	7	11	22	27	32	37	42	
C	53	7601	96205	179496	252652	456533	988211	5850650	
C	54	7	11	22	27	32	37	42	
C	54	8676	100128	185065	260103	470177	1013911	5980661	
C	55	7	11	22	27	32	37	42	
C	55	10041	100910	184523	262054	471757	1018807	5766427	
C	56	7	11	22	27	32	37	42	
C	56	10361	107734	197875	278784	501885	1074807	5984366	
C	57	7	11	22	27	32	37	42	
C	57	8577	104982	196222	273939	493747	1059705	6049897	
C	58	7	11	22	27	32	37	42	
C	58	8726	110585	203643	282288	503031	1066617	5907383	
C	59	7	11	22	27	32	37	42	
C	59	8640	111443	205424	284733	507162	1075929	5912477	
C	60	7	11	22	27	32	37	42	
C	60	9115	114639	210661	292456	520890	1105306	6058099	
C	61	7	11	22	27	32	37	42	
C	61	9169	111499	204374	283490	505040	1069414	5791536	
C	62	7	11	22	27	32	37	42	
C	62	9906	116526	211520	292724	518981	1093830	5832702	
C	63	7	11	22	27	32	37	42	
C	63	9946	116876	211325	292020	517239	1091819	5804351	
C	64	7	11	22	27	32	37	42	
C	64	11117	119692	210518	290845	511425	1073726	5653651	
C	65	7	11	22	27	32	37	42	
C	65	11473	126469	220116	303826	536146	1124131	5865279	
C	66	7	11	22	27	32	37	42	
C	66	11903	135150	231949	318342	559613	1166374	5986074	
C	67	7	11	22	27	32	37	42	
C	67	11509	133647	225411	309609	541147	1129334	5741297	
C	68	7	11	22	27	32	37	42	
C	68	11722	139896	232316	318419	557050	1158943	5798398	
C	69	7	11	22	27	32	37	42	
C	69	12088	151802	246188	335865	584288	1206307	5969769	
C	70	7	11	22	27	32	37	42	
C	70	12703	152714	244921	332806	574400	1176603	5716735	
C	71	7	11	22	27	32	37	42	
C	71	13058	157099	251074	343190	595639	1221207	5818289	
C	72	7	11	22	27	32	37	42	
C	72	13313	161090	258580	351502	608743	1245968	5913370	
C	73	7	11	22	27	32	37	42	
C	73	13505	156402	248628	336596	579309	1178244	5550266	
C	74	7	11	22	27	32	37	42	
C	74	13757	163258	259472	352480	606091	1232403	5697358	
C	75	7	11	22	27	32	37	42	
C	75	13378	170424	269892	363977	622888	1257709	5738935	
C	76	7	11	22	27	32	37	42	
C	76	11515	168536	284770	416266	830980	2320237	5603574	
C	77	7	11	22	27	32	37	42	
C	77	12000	158776	248299	353463	642865	1552704	5818425	
C	78	7	11	22	27	32	37	42	
C	78	12143	154244	239393	329141	576880	1261656	5871532	
C	79	7	11	22	27	32	37	42	
C	79	11662	151419	233447	315081	541046	1132417	5695045	
C	80	7	11	22	27	32	37	42	
C	80	11522	153600	236132	314691	534256	1103722	5691076	
C	81	7	11	22	27	32	37	42	
C	81	13103	160446	246536	327020	551749	1124387	5805196	
C	82	7	11	22	27	32	37	42	
C	82	13457	159368	242411	320145	536746	1088080	5625359	
C	83	7	11	22	27	32	37	42	
C	83	14819	162875	247589	327146	548730	1110982	5734775	
C	84	7	11	22	27	32	37	42	
C	84	17417	170666	258185	341181	569933	1149080	5860780	
C	85	7	11	22	27	32	37	42	
C	85	17487	166287	252565	331758	552520	1111504	5636423	
C	86	7	11	22	27	32	37	42	
C	86	18515	175255	265483	349056	582151	1166779	5812376	
C	87	7	11	22	27	32	37	42	
C	87	19272	180301	273999	360598	602389	1207807	5966865	
C	88	7	11	22	27	32	37	42	
C	88	19916	182116	273424	357106	589392	1170445	5713675	
C	89	7	11	22	27	32	37	42	
C	89	20519	187073	282460	368916	609748	1214177	5791311	
C	90	7	11	22	27	32	37	42	
C	90	21341	194799	295177	385307	636871	1261132	5876501	
C	91	7	11	22	27	32	37	42	
C	91	21978	192211	289362	377343	620817	1227147	5658494	
C	92	7	11	22	27	32	37	42	
C	92	23390	198934	298970	389578	640225	1262360	5758628	
C	93	7	11	22	27	32	37	42	
C	93	23597	207143	311884	405387	664710	1307870	5862757	
C	94	7	11	22	27	32	37	42	
C	94	24463	199850	300332	392118	645412	1271788	5695618	
C	95	7	11	22	27	32	37	42	
C	95	25254	211758	318214	413494	677244	1321738	5800948	
C	96	7	11	22	27	32	37	42	
C	96	26215	218292	328675	427562	703502	1364027	5860071	
C	97	7	11	22	27	32	37	42	
C	97	25887	221105	330427	426451	695572	1334533	5622757	
C	98	7	11	22	27	32	37	42	
C	98	25509	227308	338644	438229	718388	1384555	5796535	
C	99	7	11	22	27	32	37	42	
C	99	25591	231127	349632	452373	748887	1434392	5951392	
C	100	7	11	22	27	32	37	42	
C	100	25896	229481	347166	448878	741271	1414362	5735200	
C	101	7	11	22	27	32	37	42	
C	101	25471	234011	353735	458716	760338	1455604	5857730	
C	102	7	11	22	27	32	37	42	
C	102	26561	240935	364799	473610	784194	1496225	5987973	
C	103	7	11	22	27	32	37	42	
C	103	27391	249793	375892	485634	798754	1512500	5878811	
C	104	7	11	22	27	32	37	42	
C	104	27072	250107	378541	489234	805490	1519917	5840021	
C	105	7	11	22	27	32	37	42	
C	105	27554	254846	385544	500012	826197	1565369	5943548	
C	106	7	11	22	27	32	37	42	
C	106	28156	251888	378158	490476	805931	1526433	5728668	
C	107	7	11	22	27	32	37	42	
C	107	28983	272868	410225	526482	861777	1608803	5860833	
C	108	7	11	22	27	32	37	42	
C	108	31852	290865	434363	558137	904412	1678893	5962715	
C	109	7	11	22	27	32	37	42	
C	109	31440	286546	427006	548358	891178	1648643	5786581	
C	110	7	11	22	27	32	37	42	
C	110	30157	286889	426138	545101	883602	1629336	5731242	
C	111	7	11	22	27	32	37	42	
C	111	30438	292846	442384	567562	924670	1691030	5818412	
C	112	7	11	22	27	32	37	42	
C	112	30960	290693	431972	551250	895671	1632276	5594419	
C	113	7	11	22	27	32	37	42	
C	113	31189	306599	454319	579841	945928	1715822	5772660	
C	114	7	11	22	27	32	37	42	
C	114	31696	306399	462385	593502	976466	1766517	5808423	
C	115	7	11	22	27	32	37	42	
C	115	32240	305027	455288	585164	963298	1746227	5707610	
C	116	7	11	22	27	32	37	42	
C	116	32374	314683	461467	603734	1008527	1835543	5786863	
C	117	7	11	22	27	32	37	42	
C	117	33045	330689	478762	630965	1056823	1919002	5830419	
C	118	7	11	22	27	32	37	42	
C	118	33245	329168	481711	632604	1056642	1909325	5726201	
C	119	7	11	22	27	32	37	42	
C	119	35759	346660	500928	663328	1110772	1998141	5748264	
C	120	7	11	22	27	32	37	42	
C	120	37782	371662	539007	711800	1187143	2117174	5894672	
C	121	7	11	22	27	32	37	42	
C	121	37050	366469	527933	699379	1169619	2091124	5733939	
C	122	7	11	22	27	32	37	42	
C	122	37295	373797	537360	720823	1217932	2180083	5790182	
C	123	7	11	22	27	32	37	42	
C	123	39795	388294	562255	747599	1251849	2234256	5857304	
C	124	7	11	22	27	32	37	42	
C	124	39502	380090	560240	739779	1225259	2180026	5674142	
C	125	7	11	22	27	32	37	42	
C	125	42010	401103	598239	782912	1281913	2267721	5754097	
C	126	7	11	22	27	32	37	42	
C	126	44482	435410	643424	843964	1379411	2411811	5919055	
C	127	7	11	22	27	32	37	42	
C	127	41941	430277	638013	835379	1367842	2389793	5799266	
C	128	7	11	22	27	32	37	42	
C	128	41395	444533	665151	872429	1416648	2461230	5830903	
C	129	7	11	22	27	32	37	42	
C	129	41898	446252	684448	897660	1433877	2490159	5861696	
C	130	7	11	22	27	32	37	42	
C	130	42309	446421	686840	900646	1431657	2478611	5803655	
C	131	7	11	22	27	32	37	42	
C	131	44734	465353	710397	927311	1476019	2533130	5806942	
C	132	7	11	22	27	32	37	42	
C	132	44655	474713	736211	973787	1527190	2618250	5935037	
C	133	7	11	22	27	32	37	42	
C	133	45577	484560	752588	993180	1559591	2640149	5822061	
C	134	7	11	22	27	32	37	42	
C	134	45685	494040	767454	1020779	1599845	2687073	5836591	
C	135	7	11	22	27	32	37	42	
C	135	45879	507010	787236	1047352	1679814	2790959	5924310	
C	136	7	11	22	27	32	37	42	
C	136	47097	522763	811898	1079323	1725833	2839541	5887095	
C	137	7	11	22	27	32	37	42	
C	137	47715	528249	819551	1090203	1777026	2891649	5808711	
C	138	7	11	22	27	32	37	42	
C	138	50934	544302	842185	1127214	1849997	2994627	5936530	
C	139	7	11	22	27	32	37	42	
C	139	49508	533004	822757	1105608	1823646	2931799	5726558	
C	140	7	11	22	27	32	37	42	
C	140	50260	559859	865498	1157715	1923057	3063209	5831657	
C	141	7	11	22	27	32	37	42	
C	141	52186	579763	897522	1195013	2034742	3216037	5966797	
C	142	7	11	22	27	32	37	42	
C	142	53303	578343	890490	1183547	2009920	3155241	5772291	
C	143	7	11	22	27	32	37	42	
C	143	54429	610054	938047	1254379	2104397	3281718	5906207	
C	144	7	11	22	27	32	37	42	
C	144	57761	640085	980089	1319405	2196605	3394030	5974337	
C	145	7	11	22	27	32	37	42	
C	145	56888	631838	951198	1331887	2122796	3264096	5723063	
C	146	7	11	22	27	32	37	42	
C	146	59087	658323	988318	1403760	2204530	3357668	5794695	
C	147	7	11	22	27	32	37	42	
C	147	61300	703330	1056135	1502120	2314286	3519489	5983781	
C	148	7	11	22	27	32	37	42	
C	148	61602	697236	1034948	1497590	2244486	3395549	5710365	
C	149	7	11	22	27	32	37	42	
C	149	62544	744952	1108287	1596528	2415665	3618213	5947898	
N	0	2	
N	0	4036	
N	1	2	
N	1	549	
N	2	
N	2	
N	3	2	
N	3	124	
N	4	
N	4	
N	5	
N	5	
N	6	2	
N	6	48	
N	7	
N	7	
N	8	2	
N	8	255	
N	9	2	
N	9	1150	
N	10	
N	10	
N	11	
N	11	
N	12	
N	12	
N	13	
N	13	
N	14	
N	14	
N	15	
N	15	
N	16	
N	16	
N	17	
N	17	
N	18	
N	18	
N	19	
N	19	
N	20	
N	20	
N	21	
N	21	
N	22	2	
N	22	22	
N	23	
N	23	
N	24	
N	24	
N	25	2	
N	25	1476	
N	26	
N	26	
N	27	
N	27	
N	28	
N	28	
N	29	
N	29	
N	30	
N	30	
N	31	2	
N	31	830	
N	32	2	
N	32	2873	
N	33	2	
N	33	3659	
N	34	2	
N	34	3846	
N	35	2	
N	35	1430	
N	36	
N	36	
N	37	
N	37	
N	38	
N	38	
N	39	
N	39	
N	40	
N	40	
N	41	
N	41	
N	42	
N	42	
N	43	
N	43	
N	44	
N	44	
N	45	
N	45	
N	46	
N	46	
N	47	
N	47	
N	48	
N	48	
N	49	
N	49	
N	50	
N	50	
N	51	
N	51	
N	52	
N	52	
N	53	
N	53	
N	54	
N	54	
N	55	2	
N	55	419	
N	56	2	
N	56	2166	
N	57	2	
N	57	3666	
N	58	2	
N	58	2284	
N	59	2	
N	59	5778	
N	60	2	
N	60	6664	
N	61	2	
N	61	1233	
N	62	2	
N	62	400	
N	63	
N	63	
N	64	
N	64	
N	65	2	
N	65	160	
N	66	
N	66	
N	67	
N	67	
N	68	
N	68	
N	69	
N	69	
N	70	
N	70	
N	71	2	
N	71	2049	
N	72	2	
N	72	85	
N	73	2	
N	73	1352	
N	74	2	
N	74	2694	
N	75	2	
N	75	3032	
N	76	2	
N	76	6463	
N	77	2	
N	77	7523	
N	78	2	
N	78	9613	
N	79	2	
N	79	9161	
N	80	2	
N	80	10243	
N	81	2	
N	81	9290	
N	82	2	
N	82	2643	
N	83	2	
N	83	2213	
N	84	2	
N	84	1760	
N	85	2	
N	85	1437	
N	86	2	
N	86	86	
N	87	2	
N	87	129	
N	88	
N	88	
N	89	
N	89	
N	90	
N	90	
N	91	
N	91	
N	92	
N	92	
N	93	
N	93	
N	94	
N	94	
N	95	
N	95	
N	96	
N	96	
N	97	
N	97	
N	98	
N	98	
N	99	
N	99	
N	100	
N	100	
N	101	2	
N	101	24	
N	102	
N	102	
N	103	2	
N	103	8	
N	104	
N	104	
N	105	
N	105	
N	106	
N	106	
N	107	
N	107	
N	108	
N	108	
N	109	
N	109	
N	110	
N	110	
N	111	
N	111	
N	112	
N	112	
N	113	
N	113	
N	114	
N	114	
N	115	
N	115	
N	116	
N	116	
N	117	
N	117	
N	118	2	
N	118	60	
N	119	2	
N	119	16	
N	120	2	
N	120	30	
N	121	
N	121	
N	122	2	
N	122	676	
N	123	2	
N	123	396	
N	124	2	
N	124	426	
N	125	2	
N	125	106	
N	126	2	
N	126	68	
N	127	2	
N	127	106	
N	128	2	
N	128	245	
N	129	2	
N	129	764	
N	130	2	
N	130	147	
N	131	2	
N	131	152	
N	132	2	
N	132	124	
N	133	2	
N	133	186	
N	134	2	
N	134	56	
N	135	2	
N	135	27	
N	136	2	
N	136	793	
N	137	2	
N	137	1145	
N	138	2	
N	138	121	
N	139	2	
N	139	184	
N	140	2	
N	140	413	
N	141	2	
N	141	279	
N	142	2	
N	142	689	
N	143	2	
N	143	931	
N	144	2	
N	144	846	
N	145	2	
N	145	502	
N	146	2	
N	146	1042	
N	147	2	
N	147	683	
N	148	2	
N	148	881	
N	149	2	
N	149	627	
