.	0	2	12	22	27	32	37	41	
.	0	355113	3547866	3547872	8408786	153064239	153064495	153064496	
.	1	2	12	27	32	37	
.	1	1987	2974910	7627814	153058302	153064496	
.	2	2	12	22	27	32	37	
.	2	10633	2948179	2952002	7607813	37690345	153064496	
.	3	2	12	22	27	32	37	
.	3	18132	2935623	3422100	7352556	20394365	153064496	
.	4	12	22	27	32	37	41	
.	4	2213911	2986980	5789816	14314388	153064466	153064496	
.	5	2	12	22	27	32	37	41	
.	5	106	1492498	2197787	4227767	10993449	28153474	153064496	
.	6	12	22	27	32	37	41	
.	6	1376056	2066487	4001510	9979780	24400629	153064496	
.	7	2	12	22	27	32	37	41	
.	7	329	1257812	1949816	3752170	9422670	22713563	153064496	
.	8	12	22	27	32	37	41	
.	8	1296685	2103506	3703009	8838053	21305377	153064496	
.	9	12	22	27	32	37	41	
.	9	1527889	2577313	4444521	10083612	23192280	153064496	
.	10	2	12	22	27	32	37	41	
.	10	191	1337164	2532360	4451279	9808457	22641992	153064496	
.	11	2	12	22	27	32	37	41	
.	11	1157	1288769	2345357	4188974	9767537	22565967	153064496	
.	12	2	12	22	27	32	37	41	
.	12	43	1265054	2271752	4030543	9540898	22143473	153064496	
.	13	2	12	22	27	32	37	41	
.	13	288	1313627	2440722	4265436	9660386	22117305	153064496	
.	14	2	12	22	27	32	37	41	
.	14	385	1238489	2283459	4055245	9383987	21703429	153064496	
.	15	2	12	22	27	32	37	41	
.	15	889	1346491	2582293	4576663	9910292	22145762	153064496	
.	16	12	22	27	32	37	41	
.	16	1298565	2677222	4817954	10123364	22480459	153064496	
.	17	12	22	27	32	37	41	
.	17	1323620	2744458	4942130	10167877	22549347	153064496	
.	18	2	12	22	27	32	37	41	
.	18	617	1381248	2817143	5021609	10205818	22599856	153064496	
.	19	2	12	22	27	32	37	41	
.	19	244	1324816	2766197	5018947	10072110	22488945	153064496	
.	20	2	12	22	27	32	37	41	
.	20	32	1357288	2810220	5129339	10019426	22415108	153064496	
.	21	2	12	22	27	32	37	41	
.	21	51	1411039	2928883	5423093	10206630	22672717	153064496	
.	22	12	22	27	32	37	41	
.	22	1438803	3021342	5719880	10334703	22882503	153064496	
.	23	2	12	22	27	32	37	41	
.	23	7	1431039	3066233	5927520	10398108	23010322	153064496	
.	24	2	12	22	27	32	37	41	
.	24	4	1478948	3149672	6096026	10453626	23048734	153064496	
.	25	2	12	22	27	32	37	41	
.	25	1393	1903064	3556422	6492204	10727689	23223508	153064496	
.	26	2	12	22	27	32	37	41	
.	26	340	1958326	3703839	6670072	10989343	23565840	153064496	
.	27	2	12	22	27	32	37	41	
.	27	25	1954379	3726853	6713648	10965210	23592685	153064496	
.	28	12	22	27	32	37	41	
.	28	2038518	3849295	6874532	11153168	23809385	153064496	
.	29	2	12	22	27	32	37	41	
.	29	107	2140750	3990928	7041323	11325272	24035674	153064496	
.	30	2	12	22	27	32	37	41	
.	30	1241	2058479	3912211	6977286	11259407	24000370	153064496	
.	31	2	12	22	27	32	37	41	
.	31	1143	2052173	3894081	6949870	11243549	24027038	153064496	
.	32	2	12	22	27	32	37	41	
.	32	36	2095374	3956277	7028453	11342063	24158698	153064496	
.	33	2	12	22	27	32	37	41	
.	33	237	2316591	4247338	7373205	11731964	24638771	153064496	
.	34	2	12	22	27	32	37	41	
.	34	2080	2221248	4177026	7344698	11789943	24826259	153064496	
.	35	2	12	22	27	32	37	41	
.	35	1116	2229959	4176494	7328945	11730331	24822319	153064496	
.	36	2	12	22	27	32	37	41	
.	36	1860	2350211	4294835	7434780	11841268	24849910	153064496	
.	37	2	12	22	27	32	37	41	
.	37	8	2270761	4281389	7529291	11953090	25058223	153064496	
.	38	12	22	27	32	37	41	
.	38	2283245	4261018	7465834	11914787	25140440	153064496	
.	39	2	12	22	27	32	37	41	
.	39	463	2376756	4370541	7582880	12041243	25289682	153064496	
.	40	2	12	22	27	32	37	41	
.	40	5726	2424571	4440374	7679596	12151764	25429787	153064496	
.	41	2	12	22	27	32	37	41	
.	41	527	2339565	4339155	7565683	12033365	25325007	153064496	
.	42	2	12	22	27	32	37	41	
.	42	74	2459771	4510921	7785009	12289668	25646648	153064496	
.	43	2	12	22	27	32	37	41	
.	43	1361	2406715	4463876	7759698	12300612	25753580	153064496	
.	44	2	12	22	27	32	37	41	
.	44	60	2446716	4498906	7789616	12340316	25799491	153064496	
.	45	2	12	22	27	32	37	41	
.	45	527	2728716	4885944	8269440	12840722	26337116	153064496	
.	46	2	12	22	27	32	37	41	
.	46	2939	2576674	4739895	8157868	12741421	26322406	153064496	
.	47	2	12	22	27	32	37	41	
.	47	1120	2539645	4696506	8132428	12746673	26437110	153064496	
.	48	2	12	22	27	32	37	41	
.	48	327	2578690	4702874	8113694	12723588	26420525	153064496	
.	49	2	12	22	27	32	37	41	
.	49	19	2632415	4797008	8265777	12922198	26686251	153064496	
.	50	2	12	22	27	32	37	41	
.	50	8	2718377	4916366	8408566	13089438	26835371	153064496	
.	51	2	12	22	27	32	37	41	
.	51	3504	2665914	4885189	8430112	13139406	26908689	153064496	
.	52	2	12	22	27	32	37	41	
.	52	80	3004788	5300942	8899236	13694949	27571912	153064496	
.	53	2	12	22	27	32	37	41	
.	53	3088	2803935	5125843	8796786	13664780	27625748	153064496	
.	54	2	12	22	27	32	37	41	
.	54	263	2822821	5103390	8728865	13683589	27707689	153064496	
.	55	2	12	22	27	32	37	41	
.	55	1090	2896771	5185416	8821943	13867233	27768053	153064496	
.	56	2	12	22	27	32	37	41	
.	56	2820	2852940	5173076	8834008	14008555	27772372	153064496	
.	57	2	12	22	27	32	37	41	
.	57	853	2970761	5288312	8942691	14217188	27920797	153064496	
.	58	2	12	22	27	32	37	41	
.	58	405	3117310	5536107	9285977	14635072	28293787	153064496	
.	59	2	12	22	27	32	37	41	
.	59	33	3024748	5462113	9258027	14774948	28537414	153064496	
.	60	2	12	22	27	32	37	41	
.	60	345	3218242	5705646	9527662	15102256	28930781	153064496	
.	61	2	12	22	27	32	37	41	
.	61	91	3336140	5872253	9733077	15387236	29156191	153064496	
.	62	2	12	22	27	32	37	41	
.	62	5	3062796	5595202	9502212	15278217	29071170	153064496	
.	63	2	12	22	27	32	37	41	
.	63	386	3016695	5434781	9212129	15019929	28917977	153064496	
.	64	2	12	22	27	32	37	41	
.	64	2393	3088012	5499199	9256804	15082640	28838872	153064496	
.	65	2	12	22	27	32	37	41	
.	65	1288	3401888	5933894	9793989	15659856	29441873	153064496	
.	66	2	12	22	27	32	37	41	
.	66	3883	3167030	5715211	9603404	15535471	29383910	153064496	
.	67	2	12	22	27	32	37	41	
.	67	102	3449075	6029021	9903659	15834002	29593272	153064496	
.	68	2	12	22	27	32	37	41	
.	68	484	3306586	5915507	9807181	15859979	29664830	153064496	
.	69	2	12	22	27	32	37	41	
.	69	2198	3385177	6086814	10102501	16183364	30102807	153064496	
.	70	2	12	22	27	32	37	41	
.	70	8	3377841	6037548	9960001	16158393	30104631	153064496	
.	71	2	12	22	27	32	37	41	
.	71	1399	3524603	6162049	10084978	16232552	30140592	153064496	
.	72	2	12	22	27	32	37	41	
.	72	3312	3290200	5954814	9886009	16079912	29954214	153064496	
.	73	2	12	22	27	32	37	41	
.	73	1465	3392485	6018387	9941488	16202219	30237658	153064496	
.	74	2	12	22	27	32	37	41	
.	74	6963108	10304046	12848734	16560816	22553823	35836033	153064496	
.	75	2	12	22	27	32	37	41	
.	75	24365	3583206	6235157	10210059	16643526	31132138	153064496	
.	76	2	12	22	27	32	37	41	
.	76	9260	3614068	8612277	13268050	25157203	50359016	153064496	
.	77	2	12	22	27	32	37	41	
.	77	1880	3464692	7052099	11143056	20001703	38469336	153064496	
.	78	2	12	22	27	32	37	41	
.	78	1431	3346435	6418043	10239296	17643287	33385419	153064496	
.	79	2	12	22	27	32	37	41	
.	79	2097	3306431	6212869	9896086	16708667	31274527	153064496	
.	80	2	12	22	27	32	37	41	
.	80	1276	3294367	6175425	9794970	16388791	30431746	153064496	
.	81	2	12	22	27	32	37	41	
.	81	19	3229309	6102281	9634582	16085408	29898848	153064496	
.	82	2	12	22	27	32	37	41	
.	82	2761	3336684	6300396	9820864	16211931	29917346	153064496	
.	83	2	12	22	27	32	37	41	
.	83	455	3246872	6243948	9691307	16112652	29817969	153064496	
.	84	2	12	22	27	32	37	41	
.	84	1294	3358610	6385430	9808718	16225612	30031430	153064496	
.	85	2	12	22	27	32	37	41	
.	85	1064	3486271	6603607	10067590	16539033	30417308	153064496	
.	86	2	12	22	27	32	37	41	
.	86	1692	3591374	6812080	10280261	16802811	30799550	153064496	
.	87	2	12	22	27	32	37	41	
.	87	3755	3442360	6710329	10167609	16751157	30818530	153064496	
.	88	2	12	22	27	32	37	41	
.	88	832	3542253	6820197	10233664	16796720	30892188	153064496	
.	89	2	12	22	27	32	37	41	
.	89	47	3701065	7077715	10588574	17165343	31290760	153064496	
.	90	2	12	22	27	32	37	41	
.	90	1809	3772835	7320409	10806967	17523889	31848562	153064496	
.	91	2	12	22	27	32	37	41	
.	91	1015	3721159	7216572	10751694	17530011	32019100	153064496	
.	92	2	12	22	27	32	37	41	
.	92	3816	3675280	7153569	10639821	17419201	31911527	153064496	
.	93	2	12	22	27	32	37	41	
.	93	480	3718457	7131508	10636982	17395657	31940187	153064496	
.	94	2	12	22	27	32	37	41	
.	94	67	3777436	7206731	10733003	17526218	32168987	153064496	
.	95	2	12	22	27	32	37	41	
.	95	1870	3876886	7366677	10935628	17777999	32502353	153064496	
.	96	2	12	22	27	32	37	41	
.	96	86	4244443	7867020	11535370	18476801	33360825	153064496	
.	97	2	12	22	27	32	37	41	
.	97	3246	4164039	7957921	11728124	18765426	33730310	153064496	
.	98	2	12	22	27	32	37	41	
.	98	5328	4251428	8048680	11797933	18919841	33992768	153064496	
.	99	2	12	22	27	32	37	41	
.	99	1045	4169012	7928709	11684338	18847656	34024417	153064496	
.	100	2	12	22	27	32	37	41	
.	100	1223	4188075	7951382	11736474	18973293	34255148	153064496	
.	101	2	12	22	27	32	37	41	
.	101	4083	4517148	8629765	12490729	19782579	35055260	153064496	
.	102	2	8	12	22	27	32	37	41	
.	102	129	15301	4809309	8934358	12826356	20132772	35491007	153064496	
.	103	2	8	12	22	27	32	37	41	
.	103	1196	10835	4618143	8988789	13045447	20435224	35865934	153064496	
.	104	2	8	12	22	27	32	37	41	
.	104	2186	18497	4665905	8877328	12826190	20459452	36112070	153064496	
.	105	2	8	12	22	27	32	37	41	
.	105	3722	29531	4639015	9042917	12941459	20582812	36318097	153064496	
.	106	2	8	12	22	27	32	37	41	
.	106	31	21916	4573715	8690763	12696884	20485760	36393268	153064496	
.	107	2	8	12	22	27	32	37	41	
.	107	371	21992	4912449	9157039	13174889	20859022	36769196	153064496	
.	108	2	8	12	22	27	32	37	41	
.	108	6806918	6828058	11436767	15558311	19300725	26630704	41821351	153064496	
.	109	2	8	12	22	27	32	37	41	
.	109	20906	46462	4983459	9240996	13432281	21160807	37661791	153064496	
.	110	2	8	12	22	27	32	37	41	
.	110	1476	35420	5110389	9293181	13459270	21280596	37744539	153064496	
.	111	2	8	12	22	27	32	37	41	
.	111	18	40163	5246375	9631020	13792642	21648905	38327583	153064496	
.	112	2	8	12	22	27	32	37	41	
.	112	3329	45026	5130839	9669158	13847691	21892635	38924678	153064496	
.	113	2	8	12	22	27	32	37	41	
.	113	3437	69807	5272581	9810661	13988412	22048741	39122338	153064496	
.	114	2	8	12	22	27	32	37	41	
.	114	1251	78419	5365560	9963996	14149403	22183287	39597307	153064496	
.	115	2	8	12	22	27	32	37	41	
.	115	368	75763	5393257	10069470	14258074	22236926	39939402	153064496	
.	116	2	8	12	22	27	32	37	41	
.	116	160	111237	5391770	10088310	14400689	22427315	40580365	153064496	
.	117	2	8	12	22	27	32	37	41	
.	117	12754571	12843284	18620966	22860972	26739974	33930971	50189007	153064496	
.	118	2	8	12	22	27	32	37	41	
.	118	13527	129954	6294877	11644326	16483470	24616703	43461333	153064496	
.	119	2	8	12	22	27	32	37	41	
.	119	12651995	12749073	18880288	23493132	27552122	35032205	52165662	153064496	
.	120	2	8	12	22	27	32	37	41	
.	120	19751	122527	6086392	11540168	16527146	24744100	44338465	153064496	
.	121	2	8	12	22	27	32	37	41	
.	121	6	119340	6469339	11579510	16326475	24786268	44290536	153064496	
.	122	2	8	12	22	27	32	37	41	
.	122	3495	150533	6137645	11450750	16241693	24625628	44231494	153064496	
.	123	8	12	22	27	32	37	41	
.	123	183299	6541794	11630625	16484818	24956028	44894804	153064496	
.	124	2	8	12	22	27	32	37	41	
.	124	6315361	6421180	12699204	17641368	22279697	30058459	49192725	153064496	
.	125	2	8	12	22	27	32	37	41	
.	125	7846	149470	6703228	12288383	17378283	25705405	46664909	153064496	
.	126	2	8	12	22	27	32	37	41	
.	126	13515927	13657155	20081812	24922655	29534888	36878752	55741578	153064496	
.	127	2	8	12	22	27	32	37	41	
.	127	12987282	13140227	20113664	25027797	30006434	37416574	56903147	153064496	
.	128	2	8	12	22	27	32	37	41	
.	128	9611	220506	7793497	13542447	19141903	27642396	49328277	153064496	
.	129	2	8	12	22	27	32	37	41	
.	129	563	230213	7906324	13357927	18656903	27463632	48926316	153064496	
.	130	2	8	12	22	27	32	37	41	
.	130	6597384	6887228	13688185	18966765	24081272	32320306	52990544	153064496	
.	131	2	8	12	22	27	32	37	41	
.	131	6651484	6984146	14131644	19158558	24391803	32671070	53505361	153064496	
.	132	2	8	12	22	27	32	37	41	
.	132	770	354521	8043420	13064323	18590476	27251889	49541406	153064496	
.	133	2	8	12	22	27	32	37	41	
.	133	2730	431928	8272857	13628640	19158924	27987701	50152866	153064496	
.	134	2	8	12	22	27	32	37	41	
.	134	6402880	6823766	14205021	19179604	24521480	32873769	54327731	153064496	
.	135	2	8	12	22	27	32	37	41	
.	135	3561	622970	8420173	13392075	19273871	28662273	51540825	153064496	
.	136	2	8	12	22	27	32	37	41	
.	136	13452367	14261788	21174415	25705374	30838362	39076402	58860936	153064496	
.	137	2	8	12	22	27	32	37	41	
.	137	27500	995379	8894580	13918409	20014944	29945266	52670756	153064496	
.	138	2	8	12	22	27	32	37	41	
.	138	6803342	7823526	15688119	20627365	26086219	35458456	56340454	153064496	
.	139	2	8	12	22	27	32	37	41	
.	139	6182163	7314487	15690225	20792981	26616177	36078545	57105464	153064496	
.	140	2	8	12	22	27	32	37	41	
.	140	3764	1330647	9716214	15392553	21501852	32116434	54303474	153064496	
.	141	2	8	12	22	27	32	37	41	
.	141	19746756	21306069	28774592	33522753	38645209	47951440	65699017	153064496	
.	142	2	8	12	22	27	32	37	41	
.	142	13418702	14726910	22753680	28201055	33972588	43529695	63017874	153064496	
.	143	2	8	12	22	27	32	37	41	
.	143	20850	1364343	10488516	16992174	23358648	34581720	56097976	153064496	
.	144	2	8	12	22	27	32	37	41	
.	144	6403161	7931316	16523641	22474140	28477976	39260683	59706027	153064496	
.	145	2	8	12	22	27	32	37	41	
.	145	13004240	14506075	23070149	28481598	34457010	44160878	63778800	153064496	
.	146	2	8	12	22	27	32	37	41	
.	146	6376559	7884127	17340051	23846297	30317491	40859854	61383249	153064496	
.	147	2	8	12	22	27	32	37	41	
.	147	6737	1637463	11458107	18478399	25309478	36916297	58992614	153064496	
.	148	2	8	12	22	27	32	37	41	
.	148	13457457	15464609	23509135	29339728	35457656	46353096	65372286	153064496	
.	149	2	8	12	22	27	32	37	41	
.	149	20498264	22446947	30313311	35726948	41803426	52288024	70170247	153064496	
A	0	12	22	27	32	37	
A	0	767236	767237	1908357	26235790	26235813	
A	1	12	27	32	37	
A	1	630796	1632560	27238929	27241017	
A	2	12	22	27	32	37	
A	2	630823	631574	1691672	7779159	31808249	
A	3	12	22	27	32	37	
A	3	436385	502425	1143936	3065559	20903791	
A	4	12	22	27	32	37	41	
A	4	722384	995067	1867912	4542763	50486849	50486859	
A	5	12	22	27	32	37	41	
A	5	540720	779412	1462924	3546299	9325544	50898406	
A	6	12	22	27	32	37	41	
A	6	397429	580618	1125109	2649279	6605406	41938649	
A	7	12	22	27	32	37	41	
A	7	421819	622940	1226781	2893138	6931989	47278970	
A	8	12	22	27	32	37	41	
A	8	225334	340228	632424	1373922	3071804	17852508	
A	9	12	22	27	32	37	41	
A	9	364022	608283	1063645	2343466	5456501	35855693	
A	10	12	22	27	32	37	41	
A	10	274982	517459	899145	1880133	4541893	28876138	
A	11	12	22	27	32	37	41	
A	11	302654	545425	974951	2182950	5060310	32488235	
A	12	12	22	27	32	37	41	
A	12	251826	443113	785960	1759350	4081152	25586638	
A	13	12	22	27	32	37	41	
A	13	222832	408044	742266	1663856	3811584	25450817	
A	14	12	22	27	32	37	41	
A	14	328549	586834	1044947	2314776	5365366	37210467	
A	15	12	22	27	32	37	41	
A	15	366325	679074	1181695	2474812	5590998	38279141	
A	16	12	22	27	32	37	41	
A	16	330370	669599	1182954	2437296	5544251	37574537	
A	17	12	22	27	32	37	41	
A	17	330950	674913	1192742	2404104	5457970	37010832	
A	18	12	22	27	32	37	41	
A	18	346301	687421	1202416	2378762	5370556	36113494	
A	19	12	22	27	32	37	41	
A	19	323682	661915	1185396	2328473	5305715	35782372	
A	20	12	22	27	32	37	41	
A	20	327368	658551	1186266	2271745	5167107	35075849	
A	21	12	22	27	32	37	41	
A	21	339764	680669	1245799	2304708	5215850	34674583	
A	22	12	22	27	32	37	41	
A	22	344787	695737	1305725	2331303	5269791	35013918	
A	23	12	22	27	32	37	41	
A	23	337841	696867	1344942	2341694	5294730	35210304	
A	24	12	22	27	32	37	41	
A	24	352837	711277	1369042	2327848	5233149	34611876	
A	25	12	22	27	32	37	41	
A	25	459049	818951	1485800	2434214	5378115	35348107	
A	26	12	22	27	32	37	41	
A	26	458897	830922	1503994	2467031	5427496	35387436	
A	27	12	22	27	32	37	41	
A	27	452917	825450	1498653	2437933	5385830	35133869	
A	28	12	22	27	32	37	41	
A	28	475050	857046	1542908	2496660	5484870	35469286	
A	29	12	22	27	32	37	41	
A	29	512607	905050	1600047	2555290	5546706	35510639	
A	30	12	22	27	32	37	41	
A	30	472755	857279	1548922	2489573	5440548	34935546	
A	31	12	22	27	32	37	41	
A	31	480919	872040	1570205	2530813	5540758	35441743	
A	32	12	22	27	32	37	41	
A	32	482855	872128	1566894	2524300	5515247	35138368	
A	33	12	22	27	32	37	41	
A	33	547287	948931	1652229	2608533	5592483	34701354	
A	34	12	22	27	32	37	41	
A	34	509257	915895	1633798	2614912	5656899	35169835	
A	35	12	22	27	32	37	41	
A	35	510671	914972	1628047	2600285	5655270	35281811	
A	36	12	22	27	32	37	41	
A	36	540410	941490	1643230	2608087	5610259	34841549	
A	37	12	22	27	32	37	41	
A	37	520454	936692	1678010	2663107	5745757	35476841	
A	38	12	22	27	32	37	41	
A	38	525186	938834	1668832	2658650	5763034	35325422	
A	39	12	22	27	32	37	41	
A	39	549153	963337	1690057	2676750	5762052	35110119	
A	40	12	22	27	32	37	41	
A	40	567454	991480	1730736	2728394	5840426	35399409	
A	41	12	22	27	32	37	41	
A	41	547169	969263	1710336	2707790	5833498	35383309	
A	42	12	22	27	32	37	41	
A	42	571385	1000635	1744952	2740434	5841729	34835382	
A	43	12	22	27	32	37	41	
A	43	557668	989998	1745516	2761116	5925492	35267539	
A	44	12	22	27	32	37	41	
A	44	560044	987793	1732074	2742495	5884488	35143715	
A	45	12	22	27	32	37	41	
A	45	647411	1098725	1872377	2887480	6039985	34847860	
A	46	12	22	27	32	37	41	
A	46	597091	1045748	1824577	2843027	6026265	35318039	
A	47	12	22	27	32	37	41	
A	47	586536	1036166	1821383	2855958	6087329	35363836	
A	48	12	22	27	32	37	41	
A	48	592971	1030876	1792609	2812931	5995212	34901422	
A	49	12	22	27	32	37	41	
A	49	608113	1063953	1853325	2903898	6166246	35460270	
A	50	12	22	27	32	37	41	
A	50	626589	1084301	1877278	2923471	6152063	35276424	
A	51	12	22	27	32	37	41	
A	51	613977	1071662	1870667	2916439	6136154	34956788	
A	52	12	22	27	32	37	41	
A	52	718267	1200496	2018522	3091635	6367871	35328237	
A	53	12	22	27	32	37	41	
A	53	664540	1147407	1986449	3076737	6375020	35296262	
A	54	12	22	27	32	37	41	
A	54	655935	1131003	1946926	3047524	6336718	34852293	
A	55	12	22	27	32	37	41	
A	55	692306	1178490	2010775	3142643	6454961	35341182	
A	56	12	22	27	32	37	41	
A	56	667318	1152750	1986137	3128328	6398363	35184715	
A	57	12	22	27	32	37	41	
A	57	697110	1180956	2004186	3157933	6402712	34932057	
A	58	12	22	27	32	37	41	
A	58	737340	1242136	2098811	3274803	6539302	35342886	
A	59	12	22	27	32	37	41	
A	59	717263	1226512	2097762	3314617	6626901	35397779	
A	60	12	22	27	32	37	41	
A	60	764931	1279430	2149308	3355797	6638991	34969518	
A	61	12	22	27	32	37	41	
A	61	800012	1332257	2226074	3460908	6770402	35410300	
A	62	12	22	27	32	37	41	
A	62	722284	1242647	2142277	3395273	6709998	35263724	
A	63	12	22	27	32	37	41	
A	63	701573	1206566	2061544	3316949	6644154	34920933	
A	64	12	22	27	32	37	41	
A	64	729295	1238694	2095304	3366986	6692162	35307937	
A	65	12	22	27	32	37	41	
A	65	823826	1364317	2255914	3544017	6881416	35346941	
A	66	12	22	27	32	37	41	
A	66	739108	1266165	2152947	3432300	6739550	34866164	
A	67	12	22	27	32	37	41	
A	67	830051	1378668	2276016	3575254	6899960	35399963	
A	68	12	22	27	32	37	41	
A	68	776955	1323608	2216105	3541048	6871971	35239379	
A	69	12	22	27	32	37	41	
A	69	793376	1355161	2281283	3603038	6940117	34977530	
A	70	12	22	27	32	37	41	
A	70	794064	1352959	2253103	3612803	6981557	35344333	
A	71	12	22	27	32	37	41	
A	71	841548	1400253	2304793	3657060	7013883	35347634	
A	72	12	22	27	32	37	41	
A	72	762891	1312878	2208285	3551380	6856207	34889055	
A	73	12	22	27	32	37	41	
A	73	798731	1352993	2253473	3632895	7025190	35324811	
A	74	12	22	27	32	37	41	
A	74	791540	1328293	2177088	3494227	6693375	33647412	
A	75	12	22	27	32	37	41	
A	75	836497	1393189	2304737	3714669	7201004	34950823	
A	76	12	22	27	32	37	41	
A	76	819481	1766039	2794668	5019750	10203279	35335597	
A	77	12	22	27	32	37	41	
A	77	807277	1560105	2497874	4389400	8654879	35328716	
A	78	12	22	27	32	37	41	
A	78	765768	1404341	2272392	3873621	7559864	34858635	
A	79	12	22	27	32	37	41	
A	79	766762	1382471	2229441	3729325	7215683	35361161	
A	80	12	22	27	32	37	41	
A	80	753662	1356075	2181052	3626265	6979639	35232123	
A	81	12	22	27	32	37	41	
A	81	731600	1329925	2132482	3539185	6822004	34941142	
A	82	12	22	27	32	37	41	
A	82	760557	1380503	2190848	3593676	6878837	35320308	
A	83	12	22	27	32	37	41	
A	83	744970	1373706	2165043	3576620	6862483	35312380	
A	84	12	22	27	32	37	41	
A	84	765871	1397956	2178350	3578556	6866222	34890512	
A	85	12	22	27	32	37	41	
A	85	810204	1471865	2275949	3709282	7056767	35342468	
A	86	12	22	27	32	37	41	
A	86	833443	1511134	2315053	3747931	7107816	35268095	
A	87	12	22	27	32	37	41	
A	87	790889	1475110	2274502	3716887	7081443	34943729	
A	88	12	22	27	32	37	41	
A	88	816264	1507730	2297989	3746602	7134432	35286478	
A	89	12	22	27	32	37	41	
A	89	858186	1571624	2393254	3849200	7251391	35290635	
A	90	12	22	27	32	37	41	
A	90	866635	1608168	2408507	3875317	7275193	34879638	
A	91	12	22	27	32	37	41	
A	91	851936	1589459	2408824	3907857	7394623	35329891	
A	92	12	22	27	32	37	41	
A	92	838263	1569158	2370441	3866561	7338517	35195229	
A	93	12	22	27	32	37	41	
A	93	850235	1567274	2371827	3854299	7313570	34916209	
A	94	12	22	27	32	37	41	
A	94	877576	1604994	2423892	3931620	7454657	35314441	
A	95	12	22	27	32	37	41	
A	95	913556	1662910	2498527	4026142	7578680	35341511	
A	96	12	22	27	32	37	41	
A	96	1002783	1773978	2631894	4169916	7744272	34926051	
A	97	12	22	27	32	37	41	
A	97	987102	1799897	2694311	4272387	7898634	35354650	
A	98	12	22	27	32	37	41	
A	98	1012577	1825783	2716072	4313539	7956444	35241080	
A	99	12	22	27	32	37	41	
A	99	991872	1796223	2684398	4286309	7930590	34930345	
A	100	12	22	27	32	37	41	
A	100	998751	1815439	2721905	4360307	8063828	35293824	
A	101	12	22	27	32	37	41	
A	101	1096064	2000466	2934240	4598679	8323909	35308591	
A	102	8	12	22	27	32	37	41	
A	102	2688	1163784	2057495	2994477	4641884	8333453	34932138	
A	103	8	12	22	27	32	37	41	
A	103	1701	1124148	2077754	3065379	4760135	8518911	35371061	
A	104	8	12	22	27	32	37	41	
A	104	2871	1139481	2060275	3014999	4762466	8560069	35306364	
A	105	8	12	22	27	32	37	41	
A	105	4737	1129180	2096526	3031899	4775680	8563559	35018721	
A	106	8	12	22	27	32	37	41	
A	106	4071	1106359	2011510	2981617	4772656	8638276	35366546	
A	107	8	12	22	27	32	37	41	
A	107	3870	1206847	2146702	3127440	4907513	8775844	35394575	
A	108	8	12	22	27	32	37	41	
A	108	3659	1120326	2025863	2923812	4593479	8229000	33408877	
A	109	8	12	22	27	32	37	41	
A	109	4645	1231173	2178967	3205750	5000717	9008201	35408095	
A	110	8	12	22	27	32	37	41	
A	110	6063	1269531	2205020	3230490	5050767	9035170	35314623	
A	111	8	12	22	27	32	37	41	
A	111	7263	1319456	2306403	3329583	5148929	9164831	35061993	
A	112	8	12	22	27	32	37	41	
A	112	7762	1276870	2308726	3345271	5233964	9390427	35398897	
A	113	8	12	22	27	32	37	41	
A	113	12324	1325594	2366289	3408888	5309773	9469515	35385427	
A	114	8	12	22	27	32	37	41	
A	114	14062	1326571	2360771	3388245	5251182	9419004	35044520	
A	115	8	12	22	27	32	37	41	
A	115	13937	1345687	2419122	3457241	5330244	9610351	35463443	
A	116	8	12	22	27	32	37	41	
A	116	19850	1336183	2402104	3462357	5340986	9711779	35354989	
A	117	8	12	22	27	32	37	41	
A	117	15785	1506882	2481416	3438220	5111027	9001773	32266543	
A	118	8	12	22	27	32	37	41	
A	118	20283	1577750	2793357	4001728	5912986	10491162	35476005	
A	119	8	12	22	27	32	37	41	
A	119	17648	1612168	2687646	3695497	5438350	9548288	32597430	
A	120	8	12	22	27	32	37	41	
A	120	18365	1508548	2733568	3967599	5873609	10555915	35034318	
A	121	8	12	22	27	32	37	41	
A	121	21737	1662706	2857674	4036581	6025947	10742939	35512719	
A	122	8	12	22	27	32	37	41	
A	122	26492	1560277	2793495	3980370	5953090	10682781	35408941	
A	123	8	12	22	27	32	37	41	
A	123	32890	1675800	2863756	4059983	6044483	10820797	35157071	
A	124	8	12	22	27	32	37	41	
A	124	19025	1659492	2819037	3974600	5816391	10456867	34058043	
A	125	8	12	22	27	32	37	41	
A	125	25813	1714199	3022991	4288479	6249434	11299915	35517750	
A	126	8	12	22	27	32	37	41	
A	126	24920	1695524	2822712	3956457	5674109	10206481	32066154	
A	127	8	12	22	27	32	37	41	
A	127	27722	1853126	3010792	4255380	6022825	10787841	32605275	
A	128	8	12	22	27	32	37	41	
A	128	35378	1986789	3327462	4714815	6718801	11998671	35467402	
A	129	8	12	22	27	32	37	41	
A	129	38794	2011411	3288108	4581575	6634535	11771514	35211519	
A	130	8	12	22	27	32	37	41	
A	130	52793	1799321	3050233	4313164	6260902	11241426	34009543	
A	131	8	12	22	27	32	37	41	
A	131	60552	1926313	3145264	4445428	6426868	11521806	33990633	
A	132	8	12	22	27	32	37	41	
A	132	64342	2044027	3259083	4620831	6671122	12080096	35153106	
A	133	8	12	22	27	32	37	41	
A	133	77847	2119364	3423194	4800549	6915625	12353486	35548700	
A	134	8	12	22	27	32	37	41	
A	134	76767	1987157	3200676	4522678	6519470	11787461	33982971	
A	135	8	12	22	27	32	37	41	
A	135	111905	2124186	3315249	4770250	6992935	12533828	35209631	
A	136	8	12	22	27	32	37	41	
A	136	148302	1946530	3062793	4336704	6317390	11194227	32429193	
A	137	8	12	22	27	32	37	41	
A	137	175804	2236059	3466082	4989194	7381489	12990577	35522578	
A	138	8	12	22	27	32	37	41	
A	138	183470	2225804	3432719	4774973	7007463	12090639	33630251	
A	139	8	12	22	27	32	37	41	
A	139	207318	2425222	3681738	5140667	7418968	12616626	34208287	
A	140	8	12	22	27	32	37	41	
A	140	238903	2439646	3824147	5347800	7877359	13296395	35514649	
A	141	8	12	22	27	32	37	41	
A	141	281845	2300852	3488897	4752540	6975043	11274747	30754623	
A	142	8	12	22	27	32	37	41	
A	142	239652	2406673	3748467	5208627	7525777	12336116	32511793	
A	143	8	12	22	27	32	37	41	
A	143	247654	2717577	4317827	5929208	8650851	13955570	35590827	
A	144	8	12	22	27	32	37	41	
A	144	275622	2585112	4049747	5539800	8129938	13085426	33762874	
A	145	8	12	22	27	32	37	41	
A	145	273651	2615721	3957976	5454351	7804436	12591530	32664656	
A	146	8	12	22	27	32	37	41	
A	146	270965	2833920	4435423	6055228	8604009	13645904	34130827	
A	147	8	12	22	27	32	37	41	
A	147	288319	2910395	4620688	6319064	9107073	14467164	35304548	
A	148	8	12	22	27	32	37	41	
A	148	365370	2542731	3995575	5523682	8168591	12864517	32487372	
A	149	8	12	22	27	32	37	41	
A	149	354789	2505447	3862165	5376950	7916567	12310855	30860270	
T	0	12	27	32	37	
T	0	347178	872533	13585686	13585754	
T	1	12	27	32	37	
T	1	1154530	2759905	49124382	49125628	
T	2	12	22	27	32	37	
T	2	1138966	1140400	2698040	11794688	41218907	
T	3	12	22	27	32	37	
T	3	1272011	1493221	3010148	8001023	51446724	
T	4	12	22	27	32	37	41	
T	4	859506	1136896	2134347	5044191	49580262	49580266	
T	5	12	22	27	32	37	41	
T	5	265254	385472	775364	1884083	4600810	22309267	
T	6	12	22	27	32	37	41	
T	6	350034	505798	1004922	2293281	5416481	30459123	
T	7	12	22	27	32	37	41	
T	7	291628	443735	851273	1975930	4627480	27584649	
T	8	12	22	27	32	37	41	
T	8	363599	583970	985736	2129847	4961598	27814821	
T	9	12	22	27	32	37	41	
T	9	615642	1007158	1660397	3483851	7861273	46384133	
T	10	12	22	27	32	37	41	
T	10	362175	667760	1134879	2337591	5297218	31159319	
T	11	12	22	27	32	37	41	
T	11	460277	801146	1377714	2996646	6775559	41961252	
T	12	12	22	27	32	37	41	
T	12	383849	664992	1154386	2554543	5778603	35994623	
T	13	12	22	27	32	37	41	
T	13	428417	769960	1281252	2674476	6007339	34861480	
T	14	12	22	27	32	37	41	
T	14	336882	602318	1028507	2175954	4831531	28294642	
T	15	12	22	27	32	37	41	
T	15	381736	715106	1212058	2463334	5385912	31964862	
T	16	12	22	27	32	37	41	
T	16	420371	825903	1395761	2746834	5992475	35649518	
T	17	12	22	27	32	37	41	
T	17	430219	849635	1433994	2766363	6032451	35614959	
T	18	12	22	27	32	37	41	
T	18	428522	837811	1407991	2696350	5875512	34961337	
T	19	12	22	27	32	37	41	
T	19	426501	838769	1431958	2692997	5887149	35035520	
T	20	12	22	27	32	37	41	
T	20	427799	837955	1446800	2660073	5832019	34887458	
T	21	12	22	27	32	37	41	
T	21	445953	872346	1531334	2720810	5918964	34824322	
T	22	12	22	27	32	37	41	
T	22	453030	893113	1608595	2756671	5986612	35040672	
T	23	12	22	27	32	37	41	
T	23	456817	909409	1671990	2782900	6046668	35137439	
T	24	12	22	27	32	37	41	
T	24	460667	918626	1704088	2788007	6044498	35204434	
T	25	12	22	27	32	37	41	
T	25	599213	1055659	1844342	2904671	6163856	35647079	
T	26	12	22	27	32	37	41	
T	26	619965	1090403	1883747	2951115	6198818	35198003	
T	27	12	22	27	32	37	41	
T	27	619784	1092938	1893245	2940023	6187124	35135687	
T	28	12	22	27	32	37	41	
T	28	644135	1129210	1943867	3002165	6274184	35167081	
T	29	12	22	27	32	37	41	
T	29	653632	1139405	1953030	3002532	6252853	34889585	
T	30	12	22	27	32	37	41	
T	30	643460	1129309	1946640	2990261	6233675	34717115	
T	31	12	22	27	32	37	41	
T	31	642375	1129759	1946437	2999121	6267162	34913235	
T	32	12	22	27	32	37	41	
T	32	654219	1146010	1965326	3020480	6289832	34801110	
T	33	12	22	27	32	37	41	
T	33	702964	1211771	2051477	3129134	6461630	35099375	
T	34	12	22	27	32	37	41	
T	34	695877	1215649	2073396	3175816	6548678	35325736	
T	35	12	22	27	32	37	41	
T	35	708616	1228087	2087364	3181537	6578481	35357957	
T	36	12	22	27	32	37	41	
T	36	727310	1242718	2091231	3182563	6545586	35256156	
T	37	12	22	27	32	37	41	
T	37	726782	1262719	2153005	3261355	6687430	35519751	
T	38	12	22	27	32	37	41	
T	38	720318	1244971	2109723	3210505	6615953	35184591	
T	39	12	22	27	32	37	41	
T	39	748262	1281124	2153340	3260777	6683896	35085256	
T	40	12	22	27	32	37	41	
T	40	744913	1277245	2152895	3258467	6680817	35095158	
T	41	12	22	27	32	37	41	
T	41	737665	1269604	2144981	3249751	6676583	34962732	
T	42	12	22	27	32	37	41	
T	42	762330	1301843	2183638	3293900	6715485	34803776	
T	43	12	22	27	32	37	41	
T	43	768514	1320846	2221793	3357501	6860940	35197366	
T	44	12	22	27	32	37	41	
T	44	772271	1319928	2212761	3343680	6828259	35097275	
T	45	12	22	27	32	37	41	
T	45	831364	1397661	2314973	3452644	6954628	35257180	
T	46	12	22	27	32	37	41	
T	46	803294	1371342	2304398	3448746	6991856	35485952	
T	47	12	22	27	32	37	41	
T	47	802432	1372492	2305650	3459546	7024149	35368431	
T	48	12	22	27	32	37	41	
T	48	797253	1357326	2272886	3419654	6965781	35189524	
T	49	12	22	27	32	37	41	
T	49	835281	1415419	2356851	3529977	7126116	35417307	
T	50	12	22	27	32	37	41	
T	50	849910	1428642	2368426	3535666	7094566	35071949	
T	51	12	22	27	32	37	41	
T	51	840842	1426985	2385670	3563424	7139711	35061556	
T	52	12	22	27	32	37	41	
T	52	908894	1507540	2472844	3671295	7279381	35107355	
T	53	12	22	27	32	37	41	
T	53	859548	1460606	2444325	3647768	7270595	35004577	
T	54	12	22	27	32	37	41	
T	54	865802	1458110	2417515	3636121	7260159	34982760	
T	55	12	22	27	32	37	41	
T	55	878680	1475929	2440998	3683803	7308659	35301962	
T	56	12	22	27	32	37	41	
T	56	861561	1458515	2425646	3681890	7258881	35198957	
T	57	12	22	27	32	37	41	
T	57	901813	1502648	2470807	3750099	7329596	35273920	
T	58	12	22	27	32	37	41	
T	58	936419	1556946	2554315	3855364	7449416	35404376	
T	59	12	22	27	32	37	41	
T	59	919820	1546006	2560136	3894666	7508207	35238177	
T	60	12	22	27	32	37	41	
T	60	959990	1593212	2608998	3947312	7566490	35048616	
T	61	12	22	27	32	37	41	
T	61	1008953	1658919	2695237	4058502	7692810	35298860	
T	62	12	22	27	32	37	41	
T	62	923864	1562568	2604707	3983213	7595392	35002479	
T	63	12	22	27	32	37	41	
T	63	925981	1552745	2553388	3934982	7573756	35007843	
T	64	12	22	27	32	37	41	
T	64	923129	1545376	2535851	3925936	7535439	35178938	
T	65	12	22	27	32	37	41	
T	65	993736	1633594	2644668	4035279	7633549	35069231	
T	66	12	22	27	32	37	41	
T	66	941537	1578604	2596659	3991673	7592275	35086205	
T	67	12	22	27	32	37	41	
T	67	1021467	1674481	2696572	4112444	7724887	35363560	
T	68	12	22	27	32	37	41	
T	68	984223	1642583	2666559	4104667	7711970	35168488	
T	69	12	22	27	32	37	41	
T	69	1019483	1697426	2763944	4214236	7858482	35206908	
T	70	12	22	27	32	37	41	
T	70	1015514	1692674	2733924	4221991	7883397	35325487	
T	71	12	22	27	32	37	41	
T	71	1055118	1727071	2766132	4243186	7885282	35180706	
T	72	12	22	27	32	37	41	
T	72	990626	1663505	2703967	4184274	7802016	35015277	
T	73	12	22	27	32	37	41	
T	73	1023623	1698710	2740197	4249023	7932907	35273319	
T	74	12	22	27	32	37	41	
T	74	978523	1620189	2591250	4024037	7472977	33428126	
T	75	12	22	27	32	37	41	
T	75	1062619	1736659	2789058	4334865	8116552	35045871	
T	76	12	22	27	32	37	41	
T	76	1124898	2263033	3503152	6070758	12291935	35261646	
T	77	12	22	27	32	37	41	
T	77	1085385	1983659	3065202	5126328	9844351	35157008	
T	78	12	22	27	32	37	41	
T	78	1039690	1827793	2845683	4613513	8721206	35100831	
T	79	12	22	27	32	37	41	
T	79	1031227	1790329	2785092	4452948	8316624	35388572	
T	80	12	22	27	32	37	41	
T	80	1018846	1769883	2743753	4357191	8081544	35122152	
T	81	12	22	27	32	37	41	
T	81	1020350	1778606	2736950	4328754	8006329	35188621	
T	82	12	22	27	32	37	41	
T	82	1045703	1822663	2781565	4363016	8029179	35309487	
T	83	12	22	27	32	37	41	
T	83	1019730	1808445	2747895	4332745	7987497	35163001	
T	84	12	22	27	32	37	41	
T	84	1031203	1821810	2745511	4320007	7978154	35031563	
T	85	12	22	27	32	37	41	
T	85	1074105	1892143	2830957	4433028	8132656	35290335	
T	86	12	22	27	32	37	41	
T	86	1091706	1922522	2856532	4449713	8149357	35071037	
T	87	12	22	27	32	37	41	
T	87	1060923	1908699	2844035	4458688	8183428	35137481	
T	88	12	22	27	32	37	41	
T	88	1088297	1942683	2867399	4485149	8236947	35313766	
T	89	12	22	27	32	37	41	
T	89	1140607	2016171	2970480	4590718	8352044	35225767	
T	90	12	22	27	32	37	41	
T	90	1143994	2055363	2997054	4644242	8440569	35131145	
T	91	12	22	27	32	37	41	
T	91	1165324	2084741	3054421	4739776	8625245	35389293	
T	92	12	22	27	32	37	41	
T	92	1143239	2055796	3008934	4688104	8554181	35169012	
T	93	12	22	27	32	37	41	
T	93	1165026	2066686	3027108	4704218	8582987	35180314	
T	94	12	22	27	32	37	41	
T	94	1165715	2068250	3031012	4720178	8627576	35315975	
T	95	12	22	27	32	37	41	
T	95	1186370	2098865	3066919	4753281	8655648	35107869	
T	96	12	22	27	32	37	41	
T	96	1266388	2195585	3182536	4890620	8817610	35034883	
T	97	12	22	27	32	37	41	
T	97	1263713	2241037	3264714	5004557	8975707	35308848	
T	98	12	22	27	32	37	41	
T	98	1267385	2233568	3242762	4995225	8962316	35104511	
T	99	12	22	27	32	37	41	
T	99	1265512	2235089	3251360	5021450	9024110	35188807	
T	100	12	22	27	32	37	41	
T	100	1275097	2247539	3275447	5071133	9100186	35357653	
T	101	12	22	27	32	37	41	
T	101	1359454	2412494	3457071	5265716	9287266	35225145	
T	102	8	12	22	27	32	37	41	
T	102	3174	1433625	2483713	3534396	5344678	9369816	35165837	
T	103	8	12	22	27	32	37	41	
T	103	1963	1392504	2498096	3607895	5453862	9525018	35374643	
T	104	8	12	22	27	32	37	41	
T	104	3470	1389800	2459223	3529347	5424089	9519014	35115921	
T	105	8	12	22	27	32	37	41	
T	105	5338	1387961	2511640	3569264	5471532	9577132	35117684	
T	106	8	12	22	27	32	37	41	
T	106	4551	1387217	2451781	3542467	5495155	9669657	35308454	
T	107	8	12	22	27	32	37	41	
T	107	4378	1467239	2550265	3641220	5565718	9712426	35137444	
T	108	8	12	22	27	32	37	41	
T	108	4342	1377114	2427436	3436853	5263664	9205078	33510577	
T	109	8	12	22	27	32	37	41	
T	109	5034	1479316	2567786	3710275	5659290	9956713	35347996	
T	110	8	12	22	27	32	37	41	
T	110	6714	1499937	2559004	3679233	5631772	9883603	35140366	
T	111	8	12	22	27	32	37	41	
T	111	8078	1534480	2646624	3765409	5729636	10026841	35182503	
T	112	8	12	22	27	32	37	41	
T	112	8686	1523779	2680709	3808947	5827858	10227054	35337766	
T	113	8	12	22	27	32	37	41	
T	113	13728	1565158	2720324	3850297	5875259	10269326	35206556	
T	114	8	12	22	27	32	37	41	
T	114	15641	1581055	2754645	3885396	5897440	10358548	35134477	
T	115	8	12	22	27	32	37	41	
T	115	15649	1599449	2806370	3945192	5963435	10516594	35314926	
T	116	8	12	22	27	32	37	41	
T	116	21776	1589716	2790491	3955235	5969970	10606391	35121350	
T	117	8	12	22	27	32	37	41	
T	117	18114	1667116	2742316	3782644	5588745	9739020	32167226	
T	118	8	12	22	27	32	37	41	
T	118	23120	1828934	3162000	4474869	6522206	11345314	35261316	
T	119	8	12	22	27	32	37	41	
T	119	19982	1786350	2945725	4036461	5900833	10251320	32252091	
T	120	8	12	22	27	32	37	41	
T	120	20759	1758859	3099223	4434536	6479514	11424281	35052292	
T	121	8	12	22	27	32	37	41	
T	121	24597	1867342	3155125	4431028	6553056	11520999	35361969	
T	122	8	12	22	27	32	37	41	
T	122	30090	1763044	3087614	4362692	6452880	11415598	35146408	
T	123	8	12	22	27	32	37	41	
T	123	36880	1884104	3172683	4462156	6581930	11617346	35161869	
T	124	8	12	22	27	32	37	41	
T	124	21087	1829659	3076036	4314944	6278495	11154850	33874876	
T	125	8	12	22	27	32	37	41	
T	125	28883	1924674	3330733	4689493	6766943	12050781	35150385	
T	126	8	12	22	27	32	37	41	
T	126	27560	1850436	3057995	4281004	6116852	10884833	31962264	
T	127	8	12	22	27	32	37	41	
T	127	30868	2025585	3267035	4597851	6467993	11434846	32300903	
T	128	8	12	22	27	32	37	41	
T	128	38664	2207256	3640310	5124558	7242078	12727350	35099148	
T	129	8	12	22	27	32	37	41	
T	129	44396	2243178	3622491	5024475	7222595	12651929	35158511	
T	130	8	12	22	27	32	37	41	
T	130	59274	1990779	3320276	4671143	6744833	11967214	33766939	
T	131	8	12	22	27	32	37	41	
T	131	67352	2077867	3346961	4725322	6802188	12061399	33611529	
T	132	8	12	22	27	32	37	41	
T	132	69871	2239744	3516862	4967481	7134972	12758836	35104504	
T	133	8	12	22	27	32	37	41	
T	133	85994	2294866	3663352	5122571	7345438	12978188	35316437	
T	134	8	12	22	27	32	37	41	
T	134	85436	2161960	3436577	4836400	6932793	12383464	33667749	
T	135	8	12	22	27	32	37	41	
T	135	123864	2341192	3613583	5165035	7517786	13306047	35128631	
T	136	8	12	22	27	32	37	41	
T	136	166142	2127167	3311154	4666661	6764604	11851324	32196444	
T	137	8	12	22	27	32	37	41	
T	137	196831	2454065	3763696	5372755	7881820	13651457	35150508	
T	138	8	12	22	27	32	37	41	
T	138	206464	2413728	3692931	5127355	7498022	12798017	33486225	
T	139	8	12	22	27	32	37	41	
T	139	232715	2589634	3907158	5447490	7849167	13227731	33857898	
T	140	8	12	22	27	32	37	41	
T	140	266542	2617283	4065501	5672268	8325654	13925604	35083523	
T	141	8	12	22	27	32	37	41	
T	141	313582	2401791	3627021	4967153	7323920	11813939	30594484	
T	142	8	12	22	27	32	37	41	
T	142	266584	2543053	3915911	5444373	7849480	12770760	32196785	
T	143	8	12	22	27	32	37	41	
T	143	273705	2864167	4502061	6174518	8978886	14383823	35173530	
T	144	8	12	22	27	32	37	41	
T	144	303744	2725871	4246318	5819613	8531003	13645672	33632170	
T	145	8	12	22	27	32	37	41	
T	145	302687	2718368	4108189	5675888	8147284	13089741	32305351	
T	146	8	12	22	27	32	37	41	
T	146	298316	2939707	4571170	6263079	8908156	14068094	33640302	
T	147	8	12	22	27	32	37	41	
T	147	320763	3092498	4872440	6663950	9584215	15106746	35103039	
T	148	8	12	22	27	32	37	41	
T	148	403298	2700864	4219528	5833619	8601647	13434819	32168994	
T	149	8	12	22	27	32	37	41	
T	149	392396	2637249	4051718	5638372	8277653	12760467	30390724	
G	0	12	22	27	32	37	41	
G	0	1295678	1295683	3181141	73065147	73065301	73065302	
G	1	12	27	32	37	
G	1	605186	1651328	33050503	33052085	
G	2	12	22	27	32	37	
G	2	548351	549073	1542882	8004744	33221927	
G	3	12	22	27	32	37	
G	3	471104	553699	1264799	3471833	23491969	
G	4	12	22	27	32	37	41	
G	4	359199	490626	1013079	2594699	26716277	26716287	
G	5	12	22	27	32	37	41	
G	5	509827	767814	1445080	3945253	9988088	56170293	
G	6	12	22	27	32	37	41	
G	6	418041	650208	1223162	3189059	7634964	47766135	
G	7	12	22	27	32	37	41	
G	7	333902	555264	1012162	2685552	6483643	43431230	
G	8	12	22	27	32	37	41	
G	8	323446	576789	961833	2388926	5890902	38697267	
G	9	12	22	27	32	37	41	
G	9	217199	392639	706833	1714241	3897835	25030494	
G	10	12	22	27	32	37	41	
G	10	504728	957451	1704073	3897737	8711399	64739624	
G	11	12	22	27	32	37	41	
G	11	288034	553714	1012966	2416963	5409162	35224697	
G	12	12	22	27	32	37	41	
G	12	387458	715179	1275925	3085255	7018806	49606194	
G	13	12	22	27	32	37	41	
G	13	317822	623528	1095302	2467117	5540326	35273678	
G	14	12	22	27	32	37	41	
G	14	326536	627893	1123666	2686812	6230105	45502636	
G	15	12	22	27	32	37	41	
G	15	344608	689207	1266851	2776888	6103332	42582466	
G	16	12	22	27	32	37	41	
G	16	306856	665562	1273365	2689223	5838984	39859770	
G	17	12	22	27	32	37	41	
G	17	318628	689980	1319487	2730876	5920672	40371980	
G	18	12	22	27	32	37	41	
G	18	348928	743407	1395539	2850441	6161259	41642910	
G	19	12	22	27	32	37	41	
G	19	325161	717486	1372057	2773745	6060336	41370508	
G	20	12	22	27	32	37	41	
G	20	340382	739965	1413251	2774052	6079985	41260252	
G	21	12	22	27	32	37	41	
G	21	353036	774887	1496381	2837405	6175207	41734042	
G	22	12	22	27	32	37	41	
G	22	358917	798783	1572478	2865010	6206622	41367542	
G	23	12	22	27	32	37	41	
G	23	357759	814958	1626589	2881613	6231925	41187804	
G	24	12	22	27	32	37	41	
G	24	379922	856084	1698434	2934114	6309968	41548784	
G	25	12	22	27	32	37	41	
G	25	471837	936435	1764902	2954210	6258475	40950425	
G	26	12	22	27	32	37	41	
G	26	490360	985837	1822123	3040907	6386008	41220525	
G	27	12	22	27	32	37	41	
G	27	491768	1000887	1847178	3058450	6457490	41529446	
G	28	12	22	27	32	37	41	
G	28	511591	1029314	1880997	3092573	6468232	41373110	
G	29	12	22	27	32	37	41	
G	29	550268	1086206	1949176	3168670	6583914	41385019	
G	30	12	22	27	32	37	41	
G	30	525928	1065131	1934650	3163368	6617364	41834518	
G	31	12	22	27	32	37	41	
G	31	517480	1045889	1908925	3128799	6564922	41416881	
G	32	12	22	27	32	37	41	
G	32	531330	1066506	1937750	3165784	6623444	41454766	
G	33	12	22	27	32	37	41	
G	33	597294	1156399	2037701	3277594	6747401	41587446	
G	34	12	22	27	32	37	41	
G	34	559293	1117093	2000956	3256105	6734379	41170779	
G	35	12	22	27	32	37	41	
G	35	559638	1117342	1996666	3240081	6726541	41133038	
G	36	12	22	27	32	37	41	
G	36	602286	1162051	2048530	3303594	6806888	41494167	
G	37	12	22	27	32	37	41	
G	37	563960	1139190	2037844	3280566	6760957	41051504	
G	38	12	22	27	32	37	41	
G	38	568331	1131801	2026223	3281603	6818249	41239404	
G	39	12	22	27	32	37	41	
G	39	590658	1158112	2054126	3315243	6869766	41524031	
G	40	12	22	27	32	37	41	
G	40	608695	1183398	2085007	3346192	6896350	41364522	
G	41	12	22	27	32	37	41	
G	41	573062	1135886	2025881	3278941	6823828	41319297	
G	42	12	22	27	32	37	41	
G	42	615724	1201957	2115151	3393773	7000001	41793475	
G	43	12	22	27	32	37	41	
G	43	583659	1160330	2064169	3330121	6893053	41221613	
G	44	12	22	27	32	37	41	
G	44	597748	1173109	2082249	3356005	6937705	41236308	
G	45	12	22	27	32	37	41	
G	45	676358	1288582	2218884	3499677	7091010	41426585	
G	46	12	22	27	32	37	41	
G	46	627338	1236881	2168198	3443791	7032871	41039440	
G	47	12	22	27	32	37	41	
G	47	610980	1214694	2150606	3428600	7040035	41061783	
G	48	12	22	27	32	37	41	
G	48	632813	1232168	2177576	3468080	7127492	41518602	
G	49	12	22	27	32	37	41	
G	49	627143	1226779	2173645	3457072	7083160	41084498	
G	50	12	22	27	32	37	41	
G	50	657449	1273753	2230709	3529087	7179956	41305347	
G	51	12	22	27	32	37	41	
G	51	638034	1261341	2231551	3540738	7198989	41506777	
G	52	12	22	27	32	37	41	
G	52	736756	1382694	2366985	3694387	7362404	41319039	
G	53	12	22	27	32	37	41	
G	53	671319	1321541	2316572	3662540	7344920	41280904	
G	54	12	22	27	32	37	41	
G	54	679788	1319001	2317239	3699404	7429567	41601027	
G	55	12	22	27	32	37	41	
G	55	694688	1328240	2319166	3715169	7363527	41131856	
G	56	12	22	27	32	37	41	
G	56	687345	1333253	2330238	3770933	7383308	41127546	
G	57	12	22	27	32	37	41	
G	57	711237	1353833	2352977	3828186	7432760	41350645	
G	58	12	22	27	32	37	41	
G	58	753854	1429737	2446807	3937162	7507824	41104099	
G	59	12	22	27	32	37	41	
G	59	718507	1396044	2416704	3950202	7537010	41118510	
G	60	12	22	27	32	37	41	
G	60	776918	1475880	2511679	4081633	7721341	41564663	
G	61	12	22	27	32	37	41	
G	61	791464	1496380	2526542	4106297	7683186	41149935	
G	62	12	22	27	32	37	41	
G	62	732467	1447182	2496049	4119140	7724084	41278216	
G	63	12	22	27	32	37	41	
G	63	715526	1387889	2420809	4064659	7709899	41538197	
G	64	12	22	27	32	37	41	
G	64	742802	1411407	2438342	4076042	7670863	41239465	
G	65	12	22	27	32	37	41	
G	65	826724	1534354	2585139	4230178	7833307	41211355	
G	66	12	22	27	32	37	41	
G	66	764552	1487324	2551191	4232537	7883276	41481460	
G	67	12	22	27	32	37	41	
G	67	819421	1535088	2575777	4232113	7815488	41059443	
G	68	12	22	27	32	37	41	
G	68	787294	1513458	2561220	4246308	7844599	41146157	
G	69	12	22	27	32	37	41	
G	69	793863	1548703	2621985	4321957	7967029	41388966	
G	70	12	22	27	32	37	41	
G	70	799474	1536914	2591160	4312015	7946818	41149333	
G	71	12	22	27	32	37	41	
G	71	831361	1560895	2617458	4324433	7961951	41138245	
G	72	12	22	27	32	37	41	
G	72	787199	1536730	2604679	4345101	8016674	41568270	
G	73	12	22	27	32	37	41	
G	73	801820	1528540	2590994	4328950	7997636	41142683	
G	74	12	22	27	32	37	41	
G	74	810292	1522069	2537368	4206492	7708900	39393831	
G	75	12	22	27	32	37	41	
G	75	846995	1586427	2663275	4458277	8270332	41465157	
G	76	12	22	27	32	37	41	
G	76	875566	2385133	3665792	7315348	14408822	41151289	
G	77	12	22	27	32	37	41	
G	77	808994	1812339	2916991	5468351	10464798	41129064	
G	78	12	22	27	32	37	41	
G	78	791049	1639926	2668184	4755333	8936781	41470345	
G	79	12	22	27	32	37	41	
G	79	766204	1551493	2524047	4394514	8170042	41044625	
G	80	12	22	27	32	37	41	
G	80	778506	1563601	2527415	4340417	7977825	41208242	
G	81	12	22	27	32	37	41	
G	81	753947	1533753	2474794	4247125	7831427	41395650	
G	82	12	22	27	32	37	41	
G	82	785103	1593764	2526872	4276664	7810130	41155065	
G	83	12	22	27	32	37	41	
G	83	754699	1568289	2483884	4236754	7775404	41133175	
G	84	12	22	27	32	37	41	
G	84	808313	1639982	2561767	4333266	7931313	41555907	
G	85	12	22	27	32	37	41	
G	85	820168	1663346	2583504	4345349	7919101	41137629	
G	86	12	22	27	32	37	41	
G	86	852528	1732119	2652360	4440139	8061561	41210941	
G	87	12	22	27	32	37	41	
G	87	802784	1689501	2603834	4405451	8049381	41386771	
G	88	12	22	27	32	37	41	
G	88	831849	1714561	2615220	4399621	8025244	41101527	
G	89	12	22	27	32	37	41	
G	89	861392	1771519	2688948	4471050	8101746	41077566	
G	90	12	22	27	32	37	41	
G	90	901247	1872914	2802337	4647590	8373652	41457061	
G	91	12	22	27	32	37	41	
G	91	862765	1802717	2731729	4570745	8290560	41064421	
G	92	12	22	27	32	37	41	
G	92	862600	1804115	2729436	4575652	8315088	41166189	
G	93	12	22	27	32	37	41	
G	93	868419	1791527	2724143	4572504	8344812	41388965	
G	94	12	22	27	32	37	41	
G	94	889187	1816542	2751000	4600164	8383735	41146884	
G	95	12	22	27	32	37	41	
G	95	906415	1847230	2791192	4651459	8461275	41172854	
G	96	12	22	27	32	37	41	
G	96	1016031	2005657	2982622	4878596	8748429	41508467	
G	97	12	22	27	32	37	41	
G	97	975014	2001934	2988427	4891401	8742495	41097457	
G	98	12	22	27	32	37	41	
G	98	1006337	2037316	3018780	4944705	8840212	41187653	
G	99	12	22	27	32	37	41	
G	99	965767	1980572	2964905	4902412	8840552	41351427	
G	100	12	22	27	32	37	41	
G	100	969923	1980271	2965543	4913367	8864790	41081025	
G	101	12	22	27	32	37	41	
G	101	1046520	2147760	3148578	5096764	9028043	41068902	
G	102	8	12	22	27	32	37	41	
G	102	4914	1133957	2253497	3268252	5240065	9244216	41413538	
G	103	8	12	22	27	32	37	41	
G	103	3125	1074156	2259435	3300077	5271251	9251086	41059340	
G	104	8	12	22	27	32	37	41	
G	104	5096	1097323	2238557	3265920	5309003	9367968	41171169	
G	105	8	12	22	27	32	37	41	
G	105	8110	1081470	2267598	3287227	5334616	9442985	41397082	
G	106	8	12	22	27	32	37	41	
G	106	6811	1052587	2149862	3185602	5254945	9370689	41069429	
G	107	8	12	22	27	32	37	41	
G	107	6827	1138497	2272741	3307348	5338255	9465497	41111039	
G	108	8	12	22	27	32	37	41	
G	108	6784	1085919	2192817	3169773	5131019	9114752	39582631	
G	109	8	12	22	27	32	37	41	
G	109	8097	1140342	2271472	3342437	5379916	9660344	41018544	
G	110	8	12	22	27	32	37	41	
G	110	10841	1191272	2309564	3381323	5446764	9742865	41131985	
G	111	8	12	22	27	32	37	41	
G	111	12780	1216475	2382674	3454729	5536698	9906157	41274581	
G	112	8	12	22	27	32	37	41	
G	112	13086	1179242	2379779	3452111	5567548	9994949	41036916	
G	113	8	12	22	27	32	37	41	
G	113	20547	1202702	2396397	3464868	5575579	10020029	41033269	
G	114	8	12	22	27	32	37	41	
G	114	24489	1251229	2475008	3556212	5689744	10284124	41360267	
G	115	8	12	22	27	32	37	41	
G	115	23263	1241768	2465054	3537439	5629583	10256301	41051996	
G	116	8	12	22	27	32	37	41	
G	116	36119	1244541	2479356	3589084	5699856	10459565	41097518	
G	117	8	12	22	27	32	37	41	
G	117	28227	1384053	2503601	3505740	5404355	9682654	37896725	
G	118	8	12	22	27	32	37	41	
G	118	37939	1462288	2891480	4114164	6246946	11158334	41054613	
G	119	8	12	22	27	32	37	41	
G	119	30398	1469583	2683771	3724315	5694220	10188792	37662638	
G	120	8	12	22	27	32	37	41	
G	120	32741	1412412	2880181	4155634	6338376	11518407	41380244	
G	121	8	12	22	27	32	37	41	
G	121	37571	1493567	2829146	4041450	6259205	11354641	40954580	
G	122	8	12	22	27	32	37	41	
G	122	46378	1420745	2818028	4048070	6248117	11389259	41035354	
G	123	8	12	22	27	32	37	41	
G	123	57575	1513148	2844841	4100916	6334582	11596524	41263362	
G	124	8	12	22	27	32	37	41	
G	124	33813	1482406	2777592	3966532	5999113	10988801	39302877	
G	125	8	12	22	27	32	37	41	
G	125	44496	1540401	2996998	4301843	6495325	11997252	41036002	
G	126	8	12	22	27	32	37	41	
G	126	45832	1545778	2826075	4021229	5958181	10913142	37716209	
G	127	8	12	22	27	32	37	41	
G	127	48278	1664743	2945517	4211175	6141360	11186915	37505011	
G	128	8	12	22	27	32	37	41	
G	128	70966	1825066	3336643	4769261	6998844	12633354	41069822	
G	129	8	12	22	27	32	37	41	
G	129	74745	1853000	3275364	4648624	6975568	12613151	41233364	
G	130	8	12	22	27	32	37	41	
G	130	90363	1659708	3022628	4336230	6491134	11901949	39214484	
G	131	8	12	22	27	32	37	41	
G	131	104214	1754384	3043181	4383646	6537168	11952770	39209765	
G	132	8	12	22	27	32	37	41	
G	132	113006	1902437	3191688	4620939	6894958	12713851	41287369	
G	133	8	12	22	27	32	37	41	
G	133	135322	1945972	3310710	4730302	7022236	12746544	40940716	
G	134	8	12	22	27	32	37	41	
G	134	131916	1847137	3110740	4491385	6663289	12208171	39300784	
G	135	8	12	22	27	32	37	41	
G	135	195592	1982654	3261650	4773666	7236070	13200898	41240255	
G	136	8	12	22	27	32	37	41	
G	136	254065	1841941	2976147	4294558	6429268	11501733	37388539	
G	137	8	12	22	27	32	37	41	
G	137	302794	2092218	3355292	4902847	7478314	13312164	40967981	
G	138	8	12	22	27	32	37	41	
G	138	322548	2148889	3401027	4810358	7256767	12674953	39490153	
G	139	8	12	22	27	32	37	41	
G	139	351521	2287155	3580252	5061274	7510939	12891597	39300267	
G	140	8	12	22	27	32	37	41	
G	140	418065	2339099	3780493	5333425	8114114	13851667	41015874	
G	141	8	12	22	27	32	37	41	
G	141	488225	2203882	3394266	4711063	7133676	11744163	35885768	
G	142	8	12	22	27	32	37	41	
G	142	407088	2224028	3617117	5062848	7543200	12554513	37335634	
G	143	8	12	22	27	32	37	41	
G	143	414440	2465275	4124490	5732260	8640098	14181606	40916366	
G	144	8	12	22	27	32	37	41	
G	144	482262	2455074	3968995	5512083	8316217	13649238	39552718	
G	145	8	12	22	27	32	37	41	
G	145	468575	2409859	3777030	5301822	7808956	12904462	37454376	
G	146	8	12	22	27	32	37	41	
G	146	481193	2647921	4317551	5963588	8704422	14011987	39309324	
G	147	8	12	22	27	32	37	41	
G	147	520865	2751667	4545988	6289666	9305009	15051262	41215455	
G	148	8	12	22	27	32	37	41	
G	148	636341	2431757	3882786	5430327	8231610	13096567	37343361	
G	149	8	12	22	27	32	37	41	
G	149	611947	2359209	3702914	5247727	7957975	12568416	35472656	
C	0	12	27	32	37	
C	0	782661	2091642	39822503	39822514	
C	1	12	27	32	37	
C	1	582411	1582034	43642501	43643779	
C	2	12	22	27	32	37	
C	2	619406	620322	1664586	10101121	46804780	
C	3	12	22	27	32	37	
C	3	737991	854623	1915541	5837818	57203880	
C	4	12	22	27	32	37	41	
C	4	272822	364391	774478	2132735	26281078	26281084	
C	5	12	22	27	32	37	41	
C	5	176591	264983	544293	1617708	4238926	23686424	
C	6	12	22	27	32	37	41	
C	6	210552	329863	648317	1848161	4743778	32900589	
C	7	12	22	27	32	37	41	
C	7	210134	327548	661625	1867721	4670122	34769318	
C	8	12	22	27	32	37	41	
C	8	384306	602519	1123016	2945358	7381073	68699900	
C	9	12	22	27	32	37	41	
C	9	331026	569233	1013646	2542054	5976671	45794176	
C	10	12	22	27	32	37	41	
C	10	195088	389499	712991	1692805	4091291	28289224	
C	11	12	22	27	32	37	41	
C	11	236647	443915	822186	2169821	5319779	43389155	
C	12	12	22	27	32	37	41	
C	12	241878	448425	814229	2141707	5264869	41876998	
C	13	12	22	27	32	37	41	
C	13	344268	638902	1146328	2854649	6757768	57478233	
C	14	12	22	27	32	37	41	
C	14	246137	466029	857740	2206060	5276042	42056366	
C	15	12	22	27	32	37	41	
C	15	252933	498017	915170	2194369	5064631	40237138	
C	16	12	22	27	32	37	41	
C	16	240968	516158	965874	2250011	5104749	39980671	
C	17	12	22	27	32	37	41	
C	17	243823	529930	995907	2266534	5138254	40066725	
C	18	12	22	27	32	37	41	
C	18	256880	547887	1015046	2279648	5191912	40346138	
C	19	12	22	27	32	37	41	
C	19	249228	547783	1029292	2276651	5235501	40875852	
C	20	12	22	27	32	37	41	
C	20	261707	573717	1082990	2313524	5335965	41840905	
C	21	12	22	27	32	37	41	
C	21	272235	600930	1149528	2343656	5362645	41831498	
C	22	12	22	27	32	37	41	
C	22	282069	633709	1233082	2381719	5419478	41642364	
C	23	12	22	27	32	37	41	
C	23	278615	644992	1283992	2391894	5436992	41528942	
C	24	12	22	27	32	37	41	
C	24	285518	663681	1324458	2403653	5461115	41699398	
C	25	12	22	27	32	37	41	
C	25	371572	743984	1395767	2433201	5421669	41117492	
C	26	12	22	27	32	37	41	
C	26	388764	796337	1459868	2529950	5553178	41258192	
C	27	12	22	27	32	37	41	
C	27	389885	807553	1474547	2528779	5562216	41265469	
C	28	12	22	27	32	37	41	
C	28	407742	833725	1506760	2561770	5582099	41055019	
C	29	12	22	27	32	37	41	
C	29	424136	860160	1538963	2598673	5652094	41279146	
C	30	12	22	27	32	37	41	
C	30	415095	859251	1545833	2614964	5707542	41576076	
C	31	12	22	27	32	37	41	
C	31	410256	845250	1523160	2583673	5653053	41291494	
C	32	12	22	27	32	37	41	
C	32	426934	871597	1558447	2631463	5730139	41670216	
C	33	12	22	27	32	37	41	
C	33	468809	930000	1631561	2716466	5837020	41676084	
C	34	12	22	27	32	37	41	
C	34	454741	926309	1634468	2741030	5884223	41396066	
C	35	12	22	27	32	37	41	
C	35	449918	914977	1615752	2707312	5860911	41290574	
C	36	12	22	27	32	37	41	
C	36	478345	946716	1649929	2745164	5885317	41470764	
C	37	12	22	27	32	37	41	
C	37	459557	942780	1660424	2748054	5864071	41016392	
C	38	12	22	27	32	37	41	
C	38	469410	945412	1661056	2764029	5943204	41315079	
C	39	12	22	27	32	37	41	
C	39	488220	967505	1684894	2788010	5973505	41344627	
C	40	12	22	27	32	37	41	
C	40	497783	982525	1705232	2812985	6006468	41199681	
C	41	12	22	27	32	37	41	
C	41	481142	963875	1683958	2796356	5990571	41398631	
C	42	12	22	27	32	37	41	
C	42	510258	1006412	1741194	2861487	6089359	41631789	
C	43	12	22	27	32	37	41	
C	43	495513	991341	1726859	2850513	6072734	41376617	
C	44	12	22	27	32	37	41	
C	44	516593	1018016	1762472	2898076	6148979	41587138	
C	45	12	22	27	32	37	41	
C	45	573056	1100449	1862679	3000394	6250966	41532344	
C	46	12	22	27	32	37	41	
C	46	546012	1082985	1857756	3002918	6268475	41218126	
C	47	12	22	27	32	37	41	
C	47	538577	1072034	1853669	3001449	6284477	41269326	
C	48	12	22	27	32	37	41	
C	48	555326	1082177	1870296	3022596	6331713	41454621	
C	49	12	22	27	32	37	41	
C	49	561859	1090838	1881937	3031232	6310710	41102402	
C	50	12	22	27	32	37	41	
C	50	584421	1129662	1932145	3101206	6408778	41410768	
C	51	12	22	27	32	37	41	
C	51	569557	1121697	1938720	3115301	6430331	41535871	
C	52	12	22	27	32	37	41	
C	52	640791	1210132	2040805	3237552	6562176	41309785	
C	53	12	22	27	32	37	41	
C	53	605440	1193201	2046352	3274647	6632125	41479665	
C	54	12	22	27	32	37	41	
C	54	621033	1195013	2046922	3300277	6680982	41628153	
C	55	12	22	27	32	37	41	
C	55	630007	1201667	2049914	3324528	6639816	41288406	
C	56	12	22	27	32	37	41	
C	56	633896	1225738	2089167	3424584	6729000	41550458	
C	57	12	22	27	32	37	41	
C	57	659748	1250022	2113868	3480117	6754876	41507021	
C	58	12	22	27	32	37	41	
C	58	689292	1306883	2185639	3567338	6796840	41212730	
C	59	12	22	27	32	37	41	
C	59	669125	1293518	2183392	3615430	6865263	41309997	
C	60	12	22	27	32	37	41	
C	60	716058	1356779	2257332	3717169	7003614	41481354	
C	61	12	22	27	32	37	41	
C	61	735620	1384606	2285133	3761438	7009702	41205310	
C	62	12	22	27	32	37	41	
C	62	684176	1342800	2259174	3780586	7041691	41520072	
C	63	12	22	27	32	37	41	
C	63	673229	1287195	2176002	3702953	6989782	41597137	
C	64	12	22	27	32	37	41	
C	64	690393	1301329	2184914	3711283	6938015	41335763	
C	65	12	22	27	32	37	41	
C	65	756314	1400341	2306980	3849094	7092313	41435681	
C	66	12	22	27	32	37	41	
C	66	717950	1379235	2298724	3875078	7164926	41626784	
C	67	12	22	27	32	37	41	
C	67	778034	1440682	2355192	3914089	7152835	41241428	
C	68	12	22	27	32	37	41	
C	68	757630	1435374	2362813	3967472	7235806	41509988	
C	69	12	22	27	32	37	41	
C	69	776257	1483326	2433091	4041935	7334981	41488894	
C	70	12	22	27	32	37	41	
C	70	768781	1454993	2381806	4011576	7292851	41245335	
C	71	12	22	27	32	37	41	
C	71	795177	1472431	2395196	4006474	7278077	41396512	
C	72	12	22	27	32	37	41	
C	72	746172	1438389	2365766	3995845	7276005	41588582	
C	73	12	22	27	32	37	41	
C	73	766846	1436679	2355359	3989886	7280460	41322218	
C	74	12	22	27	32	37	41	
C	74	760583	1415075	2292002	3865959	6997673	39632019	
C	75	12	22	27	32	37	41	
C	75	812730	1494517	2428624	4111350	7519885	41578280	
C	76	12	22	27	32	37	41	
C	76	784863	2188812	3295178	6742087	13445720	41306704	
C	77	12	22	27	32	37	41	
C	77	761156	1694116	2661109	5015744	9503428	41447828	
C	78	12	22	27	32	37	41	
C	78	748497	1544552	2451606	4399389	8166137	41633254	
C	79	12	22	27	32	37	41	
C	79	740141	1486479	2355409	4129783	7570081	41268041	
C	80	12	22	27	32	37	41	
C	80	742077	1484590	2341474	4063642	7391462	41500703	
C	81	12	22	27	32	37	41	
C	81	723393	1459978	2290337	3970325	7239069	41539064	
C	82	12	22	27	32	37	41	
C	82	742560	1500705	2318818	3975814	7196439	41276875	
C	83	12	22	27	32	37	41	
C	83	727018	1493053	2294030	3966078	7192130	41455485	
C	84	12	22	27	32	37	41	
C	84	751929	1524388	2321796	3992489	7254447	41585220	
C	85	12	22	27	32	37	41	
C	85	780730	1575189	2376116	4050310	7307720	41293000	
C	86	12	22	27	32	37	41	
C	86	812005	1644613	2454624	4163336	7479124	41512731	
C	87	12	22	27	32	37	41	
C	87	784009	1633264	2441483	4166376	7500523	41592760	
C	88	12	22	27	32	37	41	
C	88	805011	1654391	2452224	4164516	7494733	41361893	
C	89	12	22	27	32	37	41	
C	89	840833	1718354	2535845	4254328	7585532	41470481	
C	90	12	22	27	32	37	41	
C	90	859150	1782155	2597260	4354931	7757339	41594843	
C	91	12	22	27	32	37	41	
C	91	840119	1738640	2555705	4310618	7707657	41279876	
C	92	12	22	27	32	37	41	
C	92	827362	1720684	2527194	4285068	7699925	41530250	
C	93	12	22	27	32	37	41	
C	93	834297	1705541	2513424	4264156	7698338	41578528	
C	94	12	22	27	32	37	41	
C	94	844891	1716878	2527032	4274189	7702952	41287129	
C	95	12	22	27	32	37	41	
C	95	868675	1755802	2577120	4345247	7804880	41440392	
C	96	12	22	27	32	37	41	
C	96	959155	1891714	2738232	4537583	8050428	41595009	
C	97	12	22	27	32	37	41	
C	97	934964	1911807	2777426	4593835	8110228	41300295	
C	98	12	22	27	32	37	41	
C	98	959801	1946685	2814991	4661044	8228468	41525924	
C	99	12	22	27	32	37	41	
C	99	944816	1915780	2782630	4636440	8228120	41592872	
C	100	12	22	27	32	37	41	
C	100	943081	1906910	2772356	4627263	8225121	41330771	
C	101	12	22	27	32	37	41	
C	101	1011027	2064962	2946757	4817337	8411959	41457775	
C	102	8	12	22	27	32	37	41	
C	102	4396	1077814	2139524	3029102	4906016	8543393	41552854	
C	103	8	12	22	27	32	37	41	
C	103	2850	1026139	2152308	3070900	4948780	8569723	41258256	
C	104	8	12	22	27	32	37	41	
C	104	4874	1037115	2117087	3013738	4961708	8662833	41468856	
C	105	8	12	22	27	32	37	41	
C	105	7624	1036682	2163431	3049347	4997262	8730699	41527287	
C	106	8	12	22	27	32	37	41	
C	106	6452	1027521	2077579	2987167	4962973	8714615	41320036	
C	107	8	12	22	27	32	37	41	
C	107	6546	1099495	2186960	3098510	5047165	8815058	41421067	
C	108	8	12	22	27	32	37	41	
C	108	6355	1046490	2105277	2963369	4835624	8465603	39755493	
C	109	8	12	22	27	32	37	41	
C	109	7780	1111722	2201865	3152913	5099978	9015627	41268955	
C	110	8	12	22	27	32	37	41	
C	110	10326	1148173	2218117	3166748	5149817	9081425	41476046	
C	111	8	12	22	27	32	37	41	
C	111	12024	1175946	2295301	3242903	5233624	9229736	41545401	
C	112	8	12	22	27	32	37	41	
C	112	12163	1147619	2296615	3238033	5259936	9308919	41287588	
C	113	8	12	22	27	32	37	41	
C	113	19771	1175690	2324214	3260922	5284693	9360031	41435807	
C	114	8	12	22	27	32	37	41	
C	114	22976	1205454	2372321	3318299	5343670	9534380	41523981	
C	115	8	12	22	27	32	37	41	
C	115	22546	1205985	2378556	3317834	5313296	9555788	41233763	
C	116	8	12	22	27	32	37	41	
C	116	33332	1221170	2416199	3393853	5416343	9802470	41490479	
C	117	8	12	22	27	32	37	41	
C	117	26587	1308344	2379068	3258799	5072273	9010989	37979431	
C	118	8	12	22	27	32	37	41	
C	118	35085	1412378	2783962	3879182	5921038	10452996	41259035	
C	119	8	12	22	27	32	37	41	
C	119	29050	1360192	2523995	3443854	5346807	9525267	37900342	
C	120	8	12	22	27	32	37	41	
C	120	30911	1386822	2807445	3949626	6032850	10820111	41577891	
C	121	8	12	22	27	32	37	41	
C	121	35429	1445718	2737559	3817410	5948054	10671951	41235222	
C	122	8	12	22	27	32	37	41	
C	122	44078	1390084	2748118	3847066	5968046	10740361	41470298	
C	123	8	12	22	27	32	37	41	
C	123	55954	1468742	2749345	3861763	5995033	10860137	41482194	
C	124	8	12	22	27	32	37	41	
C	124	31894	1412286	2653342	3708260	5649099	10276846	39513339	
C	125	8	12	22	27	32	37	41	
C	125	42432	1516108	2929815	4090622	6185857	11309115	41352513	
C	126	8	12	22	27	32	37	41	
C	126	42916	1474147	2699946	3760271	5613683	10221195	37803942	
C	127	8	12	22	27	32	37	41	
C	127	46077	1582928	2817171	3954746	5797114	10506263	37666025	
C	128	8	12	22	27	32	37	41	
C	128	65887	1764775	3228421	4523658	6673062	11959291	41418513	
C	129	8	12	22	27	32	37	41	
C	129	71715	1798172	3171401	4401666	6630371	11889159	41460539	
C	130	8	12	22	27	32	37	41	
C	130	87414	1640993	2976244	4163351	6226053	11282571	39476146	
C	131	8	12	22	27	32	37	41	
C	131	100544	1721596	2971668	4185923	6253362	11317902	39601085	
C	132	8	12	22	27	32	37	41	
C	132	106532	1856442	3095920	4380455	6550067	11987853	41518747	
C	133	8	12	22	27	32	37	41	
C	133	130035	1909925	3228654	4502772	6701672	12071918	41255913	
C	134	8	12	22	27	32	37	41	
C	134	126767	1805887	3028731	4268137	6355337	11545755	39710112	
C	135	8	12	22	27	32	37	41	
C	135	188048	1968580	3198032	4561359	6911921	12496491	41482418	
C	136	8	12	22	27	32	37	41	
C	136	240912	1806410	2902913	4088072	6112773	10861285	37597953	
C	137	8	12	22	27	32	37	41	
C	137	292450	2084738	3305839	4722648	7176143	12689058	41395929	
C	138	8	12	22	27	32	37	41	
C	138	307702	2096356	3297346	4570191	6892862	11973503	39654525	
C	139	8	12	22	27	32	37	41	
C	139	340770	2206051	3441670	4784583	7117308	12187347	39515881	
C	140	8	12	22	27	32	37	41	
C	140	403373	2316422	3718648	5144595	7795543	13226044	41446686	
C	141	8	12	22	27	32	37	41	
C	141	475661	2121311	3265813	4467697	6772045	11119412	36082865	
C	142	8	12	22	27	32	37	41	
C	142	394884	2161224	3500858	4838038	7192536	11937783	37601582	
C	143	8	12	22	27	32	37	41	
C	143	407694	2420647	4026946	5501812	8291035	13556127	41362923	
C	144	8	12	22	27	32	37	41	
C	144	466527	2354423	3805919	5203319	7880364	12922530	39713573	
C	145	8	12	22	27	32	37	41	
C	145	456922	2321961	3634163	5020709	7395962	12188827	37635873	
C	146	8	12	22	27	32	37	41	
C	146	457094	2541944	4145594	5659037	8266708	13280705	39607484	
C	147	8	12	22	27	32	37	41	
C	147	500779	2696810	4432546	6030061	8913263	14360705	41434717	
C	148	8	12	22	27	32	37	41	
C	148	602143	2376326	3784382	5212571	7893791	12518926	37607312	
C	149	8	12	22	27	32	37	41	
C	149	589551	2313142	3611887	5042113	7637565	12032245	35842582	
N	0	2	
N	0	355113	
N	1	2	
N	1	1987	
N	2	2	
N	2	10633	
N	3	2	
N	3	18132	
N	4	
N	4	
N	5	2	
N	5	106	
N	6	
N	6	
N	7	2	
N	7	329	
N	8	
N	8	
N	9	
N	9	
N	10	2	
N	10	191	
N	11	2	
N	11	1157	
N	12	2	
N	12	43	
N	13	2	
N	13	288	
N	14	2	
N	14	385	
N	15	2	
N	15	889	
N	16	
N	16	
N	17	
N	17	
N	18	2	
N	18	617	
N	19	2	
N	19	244	
N	20	2	
N	20	32	
N	21	2	
N	21	51	
N	22	
N	22	
N	23	2	
N	23	7	
N	24	2	
N	24	4	
N	25	2	
N	25	1393	
N	26	2	
N	26	340	
N	27	2	
N	27	25	
N	28	
N	28	
N	29	2	
N	29	107	
N	30	2	
N	30	1241	
N	31	2	
N	31	1143	
N	32	2	
N	32	36	
N	33	2	
N	33	237	
N	34	2	
N	34	2080	
N	35	2	
N	35	1116	
N	36	2	
N	36	1860	
N	37	2	
N	37	8	
N	38	
N	38	
N	39	2	
N	39	463	
N	40	2	
N	40	5726	
N	41	2	
N	41	527	
N	42	2	
N	42	74	
N	43	2	
N	43	1361	
N	44	2	
N	44	60	
N	45	2	
N	45	527	
N	46	2	
N	46	2939	
N	47	2	
N	47	1120	
N	48	2	
N	48	327	
N	49	2	
N	49	19	
N	50	2	
N	50	8	
N	51	2	
N	51	3504	
N	52	2	
N	52	80	
N	53	2	
N	53	3088	
N	54	2	
N	54	263	
N	55	2	
N	55	1090	
N	56	2	
N	56	2820	
N	57	2	
N	57	853	
N	58	2	
N	58	405	
N	59	2	
N	59	33	
N	60	2	
N	60	345	
N	61	2	
N	61	91	
N	62	2	
N	62	5	
N	63	2	
N	63	386	
N	64	2	
N	64	2393	
N	65	2	
N	65	1288	
N	66	2	
N	66	3883	
N	67	2	
N	67	102	
N	68	2	
N	68	484	
N	69	2	
N	69	2198	
N	70	2	
N	70	8	
N	71	2	
N	71	1399	
N	72	2	
N	72	3312	
N	73	2	
N	73	1465	
N	74	2	
N	74	6963108	
N	75	2	
N	75	24365	
N	76	2	
N	76	9260	
N	77	2	
N	77	1880	
N	78	2	
N	78	1431	
N	79	2	
N	79	2097	
N	80	2	
N	80	1276	
N	81	2	
N	81	19	
N	82	2	
N	82	2761	
N	83	2	
N	83	455	
N	84	2	
N	84	1294	
N	85	2	
N	85	1064	
N	86	2	
N	86	1692	
N	87	2	
N	87	3755	
N	88	2	
N	88	832	
N	89	2	
N	89	47	
N	90	2	
N	90	1809	
N	91	2	
N	91	1015	
N	92	2	
N	92	3816	
N	93	2	
N	93	480	
N	94	2	
N	94	67	
N	95	2	
N	95	1870	
N	96	2	
N	96	86	
N	97	2	
N	97	3246	
N	98	2	
N	98	5328	
N	99	2	
N	99	1045	
N	100	2	
N	100	1223	
N	101	2	
N	101	4083	
N	102	2	
N	102	129	
N	103	2	
N	103	1196	
N	104	2	
N	104	2186	
N	105	2	
N	105	3722	
N	106	2	
N	106	31	
N	107	2	
N	107	371	
N	108	2	
N	108	6806918	
N	109	2	
N	109	20906	
N	110	2	
N	110	1476	
N	111	2	
N	111	18	
N	112	2	
N	112	3329	
N	113	2	
N	113	3437	
N	114	2	
N	114	1251	
N	115	2	
N	115	368	
N	116	2	
N	116	160	
N	117	2	
N	117	12754571	
N	118	2	
N	118	13527	
N	119	2	
N	119	12651995	
N	120	2	
N	120	19751	
N	121	2	
N	121	6	
N	122	2	
N	122	3495	
N	123	
N	123	
N	124	2	
N	124	6315361	
N	125	2	
N	125	7846	
N	126	2	
N	126	13515927	
N	127	2	
N	127	12987282	
N	128	2	
N	128	9611	
N	129	2	
N	129	563	
N	130	2	
N	130	6597384	
N	131	2	
N	131	6651484	
N	132	2	
N	132	770	
N	133	2	
N	133	2730	
N	134	2	
N	134	6402880	
N	135	2	
N	135	3561	
N	136	2	
N	136	13452367	
N	137	2	
N	137	27500	
N	138	2	
N	138	6803342	
N	139	2	
N	139	6182163	
N	140	2	
N	140	3764	
N	141	2	
N	141	19746756	
N	142	2	
N	142	13418702	
N	143	2	
N	143	20850	
N	144	2	
N	144	6403161	
N	145	2	
N	145	13004240	
N	146	2	
N	146	6376559	
N	147	2	
N	147	6737	
N	148	2	
N	148	13457457	
N	149	2	
N	149	20498264	
