.	0	2	11	22	27	32	37	
.	0	46150	1597599	1774892	5186879	30361224	30361577	
.	1	2	11	22	27	32	37	
.	1	2419	1591211	1770073	5164153	30112958	30361577	
.	2	2	11	22	27	32	37	
.	2	1722	1705038	1994438	4410371	10366942	30361577	
.	3	2	11	22	27	32	37	
.	3	5859	1360134	1575366	3136427	6490441	30361577	
.	4	2	11	22	27	32	37	
.	4	6183	1145672	1511708	2600491	5019730	30361577	
.	5	2	7	11	22	27	32	37	42	
.	5	5847	72770	1013588	1617901	2381338	4337645	9630155	30361577	
.	6	2	7	11	22	27	32	37	42	
.	6	6503	66825	1125063	1907999	2532650	4442328	9072723	30361577	
.	7	2	7	11	22	27	32	37	42	
.	7	14105	66191	1053168	1835430	2389242	4202320	8552241	30361577	
.	8	2	7	11	22	27	32	37	42	
.	8	11022	60043	1042845	1770575	2280194	3934408	7943159	30361577	
.	9	2	7	11	22	27	32	37	42	
.	9	9770	53300	1050426	1859409	2369848	4211076	8514046	30361577	
.	10	2	7	11	22	27	32	37	42	
.	10	9829	43500	981491	1726945	2226867	3917751	8057333	30361577	
.	11	2	7	11	22	27	32	37	42	
.	11	11023	56189	1017670	1754644	2250809	3909325	7939126	30361577	
.	12	2	7	11	22	27	32	37	42	
.	12	11211	58145	1042513	1820932	2325802	4063643	8169617	30361577	
.	13	2	7	11	22	27	32	37	42	
.	13	11211	66145	1019664	1755767	2245524	3891097	7887377	30361577	
.	14	2	7	11	22	27	32	37	42	
.	14	12197	87559	1052345	1817603	2330965	4059273	8203146	30361577	
.	15	2	7	11	22	27	32	37	42	
.	15	14551	71874	1022159	1776953	2276309	3938615	7932661	30361577	
.	16	2	7	11	22	27	32	37	42	
.	16	12599	62987	1041951	1855352	2375764	4145221	8274328	30361577	
.	17	2	7	11	22	27	32	37	42	
.	17	14861	56057	1067258	1891106	2427781	4192816	8401464	30361577	
.	18	2	7	11	22	27	32	37	42	
.	18	15600	55951	1069197	1865871	2417121	4102610	8209566	30361577	
.	19	2	7	11	22	27	32	37	42	
.	19	11992	55226	1079536	1904082	2467917	4213165	8410508	30361577	
.	20	2	7	11	22	27	32	37	42	
.	20	13262	50966	1020322	1816378	2361021	4017870	8057959	30361577	
.	21	2	7	11	22	27	32	37	42	
.	21	13560	61242	1118581	1962276	2540376	4316400	8542882	30361577	
.	22	2	7	11	22	27	32	37	42	
.	22	13177	57148	1095335	1981431	2589487	4413851	8758115	30361577	
.	23	2	7	11	22	27	32	37	42	
.	23	16323	63755	1078651	1920997	2528809	4311164	8699219	30361577	
.	24	2	7	11	22	27	32	37	42	
.	24	10460	53212	1190506	2161142	2820505	4815126	9478211	30361577	
.	25	2	7	11	22	27	32	37	42	
.	25	13430	50762	1075299	1966132	2612276	4457660	9016376	30361577	
.	26	2	7	11	22	27	32	37	42	
.	26	12640	55682	1127809	1985721	2618960	4404997	8816345	30361577	
.	27	2	7	11	22	27	32	37	42	
.	27	17902	58827	1140113	2025426	2658281	4499834	8886824	30361577	
.	28	2	7	11	22	27	32	37	42	
.	28	16114	62097	1140835	2028238	2662786	4523320	8957879	30361577	
.	29	2	7	11	22	27	32	37	42	
.	29	17534	69724	1146710	2046342	2677978	4550627	9039855	30361577	
.	30	2	7	11	22	27	32	37	42	
.	30	18411	70013	1128207	1998094	2620246	4433000	8801778	30361577	
.	31	2	7	11	22	27	32	37	42	
.	31	21248	85405	1204130	2118203	2760929	4639848	9079339	30361577	
.	32	2	7	11	22	27	32	37	42	
.	32	23177	89095	1249518	2198801	2857384	4816941	9369590	30361577	
.	33	2	7	11	22	27	32	37	42	
.	33	21177	77120	1206635	2132655	2780464	4657096	9128684	30361577	
.	34	2	7	11	22	27	32	37	42	
.	34	24805	82450	1249113	2183703	2841768	4766551	9271286	30361577	
.	35	2	7	11	22	27	32	37	42	
.	35	24677	77807	1275285	2209277	2878836	4852540	9451649	30361577	
.	36	2	7	11	22	27	32	37	42	
.	36	20111	83498	1356840	2255972	2939455	4924969	9555910	30361577	
.	37	2	7	11	22	27	32	37	42	
.	37	20999	78334	1372622	2281411	2976831	5033953	9778657	30361577	
.	38	2	7	11	22	27	32	37	42	
.	38	16241	72232	1467277	2294768	2994229	5031755	9770360	30361577	
.	39	2	7	11	22	27	32	37	42	
.	39	12897	77995	1493938	2320659	3023969	5073516	9790090	30361577	
.	40	2	7	11	22	27	32	37	42	
.	40	14380	71421	1452127	2295991	2999189	5077113	9858382	30361577	
.	41	2	7	11	22	27	32	37	42	
.	41	10062	74272	1489591	2318522	3025370	5086948	9855415	30361577	
.	42	2	7	11	22	27	32	37	42	
.	42	8735	65558	1424554	2298232	3011898	5110763	9877896	30361577	
.	43	2	7	11	22	27	32	37	42	
.	43	10136	66904	1439253	2312319	3045276	5179010	10032197	30361577	
.	44	2	7	11	22	27	32	37	42	
.	44	14672	76606	1527671	2400877	3140860	5278888	10179652	30361577	
.	45	2	7	11	22	27	32	37	42	
.	45	10660	71435	1556139	2441479	3188174	5364690	10317152	30361577	
.	46	2	7	11	22	27	32	37	42	
.	46	12607	78638	1614391	2508582	3257126	5426474	10371321	30361577	
.	47	2	7	11	22	27	32	37	42	
.	47	12859	75806	1590027	2504000	3264046	5467099	10463792	30361577	
.	48	2	7	11	22	27	32	37	42	
.	48	11941	78765	1634154	2547681	3315001	5528681	10531296	30361577	
.	49	2	7	11	22	27	32	37	42	
.	49	8848	81917	1693547	2636920	3414987	5669743	10716933	30361577	
.	50	2	7	11	22	27	32	37	42	
.	50	6953	77651	1714425	2708200	3521683	5860735	11027927	30361577	
.	51	2	7	11	22	27	32	37	42	
.	51	7435	87083	1787317	2772413	3593841	5931691	11123113	30361577	
.	52	2	7	11	22	27	32	37	42	
.	52	10817	82539	1788163	2818027	3647154	6028843	11287643	30361577	
.	53	2	7	11	22	27	32	37	42	
.	53	11387	91846	1819497	2819479	3649178	6006252	11254021	30361577	
.	54	2	7	11	22	27	32	37	42	
.	54	9983	92997	1849964	2875155	3714455	6105752	11374314	30361577	
.	55	2	7	11	22	27	32	37	42	
.	55	10396	86638	1829068	2888480	3736616	6171588	11504539	30361577	
.	56	2	7	11	22	27	32	37	42	
.	56	12464	93847	1885574	2932460	3790114	6226731	11577968	30361577	
.	57	2	7	11	22	27	32	37	42	
.	57	13143	90655	1892200	2959110	3827552	6300380	11696667	30361577	
.	58	2	7	11	22	27	32	37	42	
.	58	9540	88643	1903415	2981796	3860410	6343422	11768446	30361577	
.	59	2	7	11	22	27	32	37	42	
.	59	10996	90965	1970752	3058932	3949336	6444207	11860564	30361577	
.	60	2	7	11	22	27	32	37	42	
.	60	11223	92078	2002811	3110568	4010852	6546074	12001209	30361577	
.	61	2	7	11	22	27	32	37	42	
.	61	11354	99623	2048493	3166994	4072378	6635455	12107691	30361577	
.	62	2	7	11	22	27	32	37	42	
.	62	11429	97295	2043298	3187162	4101475	6708878	12204131	30361577	
.	63	2	7	11	22	27	32	37	42	
.	63	13682	101054	2048401	3193416	4124141	6763213	12246242	30361577	
.	64	2	7	11	22	27	32	37	42	
.	64	14291	112267	2099790	3247676	4178049	6815236	12321541	30361577	
.	65	2	7	11	22	27	32	37	42	
.	65	13141	109724	2121276	3303619	4250127	6945816	12513229	30361577	
.	66	2	7	11	22	27	32	37	42	
.	66	16474	113194	2168850	3364975	4326277	7033131	12639129	30361577	
.	67	2	7	11	22	27	32	37	42	
.	67	14485	111883	2218631	3442966	4419499	7167629	12800158	30361577	
.	68	2	7	11	22	27	32	37	42	
.	68	16834	116270	2322323	3586090	4584827	7368115	13016996	30361577	
.	69	2	7	11	22	27	32	37	42	
.	69	18386	120483	2370642	3656488	4658212	7465319	13172532	30361577	
.	70	2	7	11	22	27	32	37	42	
.	70	18005	124200	2484682	3813384	4850419	7729660	13483538	30361577	
.	71	2	7	11	22	27	32	37	42	
.	71	22129	129764	2495957	3818139	4864422	7758305	13578872	30361577	
.	72	2	7	11	22	27	32	37	42	
.	72	26392	135895	2586414	3944499	5003830	7942813	13802391	30361577	
.	73	2	7	11	22	27	32	37	42	
.	73	24574	137881	2610651	3987544	5061485	8034447	13958109	30361577	
.	74	2	7	11	22	27	32	37	42	
.	74	28743	143194	2713639	4108304	5201705	8201733	14141064	30361577	
.	75	2	7	11	22	27	32	37	42	
.	75	27276	140101	2686484	4091807	5186704	8202022	14155503	30361577	
.	76	2	7	11	22	27	32	37	42	
.	76	30339	139004	2962610	4633970	7092698	13906350	21213282	30361577	
.	77	2	7	11	22	27	32	37	42	
.	77	30929	143840	2611032	3872273	5426639	9751685	17367016	30361577	
.	78	2	7	11	22	27	32	37	42	
.	78	29485	141347	2362347	3576498	4754816	8076679	14575171	30361577	
.	79	2	7	11	22	27	32	37	42	
.	79	32313	145288	2278556	3464346	4524433	7549009	13531390	30361577	
.	80	2	7	11	22	27	32	37	42	
.	80	32405	146615	2286726	3450164	4503370	7481335	13201762	30361577	
.	81	2	7	11	22	27	32	37	42	
.	81	31174	152164	2329116	3508516	4559583	7561514	13218488	30361577	
.	82	2	7	11	22	27	32	37	42	
.	82	28592	151126	2410893	3575036	4716292	7914719	13573562	30361577	
.	83	2	7	11	22	27	32	37	42	
.	83	28379	154827	2504536	3680659	4883693	8229254	13913752	30361577	
.	84	2	7	11	22	27	32	37	42	
.	84	31123	160849	2527192	3707564	4969436	8490463	14205718	30361577	
.	85	2	7	11	22	27	32	37	42	
.	85	35378	169470	2624813	3853736	5149037	8726381	14473793	30361577	
.	86	2	7	11	22	27	32	37	42	
.	86	31283	163431	2652472	3906780	5246572	8935003	14728657	30361577	
.	87	2	7	11	22	27	32	37	42	
.	87	32244	170227	2935569	4314743	5660168	9330007	15141849	30361577	
.	88	2	7	11	22	27	32	37	42	
.	88	34558	171195	2861298	4350480	5770497	9482935	15396340	30361577	
.	89	2	7	11	22	27	32	37	42	
.	89	29862	167969	2953531	4524718	5924724	9633079	15677713	30361577	
.	90	2	7	11	22	27	32	37	42	
.	90	33627	171201	3145590	4835061	6232142	9816314	15860683	30361577	
.	91	2	7	11	22	27	32	37	42	
.	91	37221	172374	3094683	4835481	6375218	10043819	16102776	30361577	
.	92	2	7	11	22	27	32	37	42	
.	92	42947	185454	3282358	5034330	6552033	10283549	16397486	30361577	
.	93	2	7	11	22	27	32	37	42	
.	93	44858	185718	3316767	5138441	6760278	10461559	16621744	30361577	
.	94	2	7	11	22	27	32	37	42	
.	94	43695	192999	3588881	5475283	7128139	10781860	16892309	30361577	
.	95	2	7	11	22	27	32	37	42	
.	95	45335	186517	3384847	5339641	7165243	10855835	17007689	30361577	
.	96	2	7	11	22	27	32	37	42	
.	96	38878	181846	3336902	5261918	7071087	10889109	17146754	30361577	
.	97	2	7	11	22	27	32	37	42	
.	97	36381	178775	3399885	5314219	7109829	10965639	17274448	30361577	
.	98	2	7	11	22	27	32	37	42	
.	98	32434	173068	3382237	5292330	7135007	11223016	17594327	30361577	
.	99	2	7	11	22	27	32	37	42	
.	99	37116	178855	3484610	5414019	7276063	11573493	17956977	30361577	
.	100	2	7	11	22	27	32	37	42	
.	100	35658	184462	3644795	5614895	7566402	12248480	18678668	30361577	
.	101	2	7	11	22	27	32	37	42	
.	101	733077	889843	4631497	6647922	8547202	13196601	19401611	30361577	
.	102	2	7	11	22	27	32	37	42	
.	102	35548	186508	3775036	6025677	8092434	13107913	19521964	30361577	
.	103	2	7	11	22	27	32	37	42	
.	103	34401	188540	3825341	5931278	8251208	13326914	19806333	30361577	
.	104	2	7	11	22	27	32	37	42	
.	104	32541	188108	3967721	6029172	8512438	13428170	19985224	30361577	
.	105	2	7	11	22	27	32	37	42	
.	105	34592	196931	4026972	6119784	8771447	13578619	20097276	30361577	
.	106	2	7	11	22	27	32	37	42	
.	106	35086	206230	4086636	6186111	8868428	13686381	20223651	30361577	
.	107	2	7	11	22	27	32	37	42	
.	107	34039	217629	4244083	6388772	9129651	13971826	20513516	30361577	
.	108	2	7	11	22	27	32	37	42	
.	108	31430	222305	4364884	6546557	9345491	14268707	20759755	30361577	
.	109	2	7	11	22	27	32	37	42	
.	109	726325	928027	5433504	7614358	10553099	14974302	21205870	30361577	
.	110	2	7	11	22	27	32	37	42	
.	110	28689	218165	4672078	7049649	10159100	14824898	21115198	30361577	
.	111	2	7	11	22	27	32	37	42	
.	111	27537	217600	4751144	7025091	10292197	15124113	21275332	30361577	
.	112	2	7	11	22	27	32	37	42	
.	112	24463	215530	4872793	7080137	10596839	15134795	21379289	30361577	
.	113	2	7	11	22	27	32	37	42	
.	113	22169	219398	5022671	7282116	10846926	15438711	21492695	30361577	
.	114	2	7	11	22	27	32	37	42	
.	114	22467	223081	5206076	7504104	11108522	15719710	21604892	30361577	
.	115	2	7	11	22	27	32	37	42	
.	115	20843	228403	5252264	7557808	11269332	15992018	21820541	30361577	
.	116	2	7	11	22	27	32	37	42	
.	116	21342	228613	5294260	7600433	11317804	16116790	21927133	30361577	
.	117	2	7	11	22	27	32	37	42	
.	117	721855	937457	6343970	8684486	12337863	16856902	22443168	30361577	
.	118	2	7	11	22	27	32	37	42	
.	118	22710	236255	5608582	8200760	12005821	16892343	22440090	30361577	
.	119	2	7	11	22	27	32	37	42	
.	119	20089	236096	5692704	8134455	12024813	17067174	22518315	30361577	
.	120	2	7	11	22	27	32	37	42	
.	120	12943	233970	5796614	8260412	12177540	17198436	22712509	30361577	
.	121	2	7	11	22	27	32	37	42	
.	121	13261	234675	5917243	8375515	12347354	17425305	22863242	30361577	
.	122	2	7	11	22	27	32	37	42	
.	122	16836	245886	6020526	8571535	12549705	17826514	23081183	30361577	
.	123	2	7	11	22	27	32	37	42	
.	123	17731	269254	6627701	9345578	13266530	18470530	23454281	30361577	
.	124	2	7	11	22	27	32	37	42	
.	124	21125	266255	6482696	9382421	13436269	18764005	23646676	30361577	
.	125	2	7	11	22	27	32	37	42	
.	125	20178	269417	6600681	9346364	13523869	18961116	23897579	30361577	
.	126	2	7	11	22	27	32	37	42	
.	126	949790	1199298	7578319	10265175	14267364	19519763	24272970	30361577	
.	127	2	7	11	22	27	32	37	42	
.	127	19067	266804	6867848	9666466	13870890	19301495	24168836	30361577	
.	128	2	7	11	22	27	32	37	42	
.	128	21843	271966	7037378	9971909	14153134	19711235	24324856	30361577	
.	129	2	7	11	22	27	32	37	42	
.	129	26880	283171	7239135	10218156	14422375	19930725	24477313	30361577	
.	130	2	7	11	22	27	32	37	42	
.	130	23750	287390	7407879	10374575	14605459	20119880	24637639	30361577	
.	131	2	7	11	22	27	32	37	42	
.	131	23514	293809	7631990	10699367	14909467	20401855	24790250	30361577	
.	132	2	7	11	22	27	32	37	42	
.	132	26135	313666	8003472	11116264	15284728	20721289	24981926	30361577	
.	133	2	7	11	22	27	32	37	42	
.	133	960249	1241282	8909572	11888713	15991197	21227956	25310805	30361577	
.	134	2	7	11	22	27	32	37	42	
.	134	1172689	1455153	8972003	12047495	16175939	21454951	25466308	30361577	
.	135	2	7	11	22	27	32	37	42	
.	135	1463793	1751000	9664970	12718939	16752870	21891538	25716419	30361577	
.	136	2	7	11	22	27	32	37	42	
.	136	27785	316148	8709521	11939501	16224521	21641814	25637635	30361577	
.	137	2	7	11	22	27	32	37	42	
.	137	726555	1022723	9266732	12375217	16560922	21845876	25755008	30361577	
.	138	2	7	11	22	27	32	37	42	
.	138	958107	1257193	9395492	12486063	16663944	21956490	25797625	30361577	
.	139	2	7	11	22	27	32	37	42	
.	139	26759	330743	8894322	12141853	16440518	21837322	25740992	30361577	
.	140	2	7	11	22	27	32	37	42	
.	140	25722	337920	8979848	12233489	16592668	22007203	25856708	30361577	
.	141	2	7	11	22	27	32	37	42	
.	141	962302	1289193	9695946	12896560	17132787	22381465	26085274	30361577	
.	142	2	7	11	22	27	32	37	42	
.	142	960432	1299342	9829861	13092195	17294627	22519169	26186880	30361577	
.	143	2	7	11	22	27	32	37	42	
.	143	31131	386035	9821227	13206567	17516035	22756675	26345282	30361577	
.	144	2	7	11	22	27	32	37	42	
.	144	964047	1324170	10419358	13896019	18085396	23138904	26574522	30361577	
.	145	2	7	11	22	27	32	37	42	
.	145	1702068	2069008	11167791	14405793	18491218	23430241	26752808	30361577	
.	146	2	7	11	22	27	32	37	42	
.	146	1012974	1376882	10849610	14128979	18386049	23470160	26798641	30361577	
.	147	2	7	11	22	27	32	37	42	
.	147	1010184	1384128	11132449	14493783	18703333	23713689	26946303	30361577	
.	148	2	7	11	22	27	32	37	42	
.	148	1469843	1845967	11544526	14877739	19008955	23914044	27063780	30361577	
.	149	2	7	11	22	27	32	37	42	
.	149	32707	415149	10761560	14450713	18828635	23907171	27087046	30361577	
A	0	11	22	27	32	37	
A	0	353883	393818	1174490	7160029	7160136	
A	1	11	22	27	32	37	
A	1	474425	522010	1492754	7421751	7483595	
A	2	11	22	27	32	37	
A	2	538930	617171	1372499	3213196	8658491	
A	3	11	22	27	32	37	
A	3	357327	411818	855745	1900815	8898610	
A	4	11	22	27	32	37	
A	4	354108	475262	865281	1808341	9694391	
A	5	7	11	22	27	32	37	42	
A	5	7351	325864	544655	810057	1573618	3516994	10800903	
A	6	7	11	22	27	32	37	42	
A	6	6810	256853	451789	600413	1116087	2309252	7326731	
A	7	7	11	22	27	32	37	42	
A	7	4732	285482	516121	670045	1260210	2590138	8719246	
A	8	7	11	22	27	32	37	42	
A	8	4387	266605	445965	561566	1003625	2062125	8056379	
A	9	7	11	22	27	32	37	42	
A	9	3309	329336	638645	822294	1593837	3323318	11222620	
A	10	7	11	22	27	32	37	42	
A	10	1952	269415	487420	632122	1184724	2508736	9622805	
A	11	7	11	22	27	32	37	42	
A	11	2157	251559	452424	580906	1064881	2236209	8670955	
A	12	7	11	22	27	32	37	42	
A	12	3330	287239	536103	685788	1281388	2649875	9217433	
A	13	7	11	22	27	32	37	42	
A	13	3460	269423	485860	622269	1137816	2375059	9240891	
A	14	7	11	22	27	32	37	42	
A	14	4739	276634	506392	649885	1194051	2477974	9110850	
A	15	7	11	22	27	32	37	42	
A	15	7373	284563	505217	640899	1163908	2400530	9269981	
A	16	7	11	22	27	32	37	42	
A	16	5149	292502	542558	686631	1261064	2572258	9159818	
A	17	7	11	22	27	32	37	42	
A	17	3423	292239	534713	679096	1236781	2533050	9210711	
A	18	7	11	22	27	32	37	42	
A	18	2742	267063	486479	630641	1130911	2344785	9010862	
A	19	7	11	22	27	32	37	42	
A	19	2833	278540	525101	681536	1251109	2603413	9414364	
A	20	7	11	22	27	32	37	42	
A	20	2555	263608	486746	636523	1152433	2417300	9389024	
A	21	7	11	22	27	32	37	42	
A	21	2986	280752	524853	682278	1234593	2564182	9380243	
A	22	7	11	22	27	32	37	42	
A	22	3678	298010	569253	747433	1359258	2783916	9433429	
A	23	7	11	22	27	32	37	42	
A	23	3840	295278	551492	730676	1293729	2692452	9389791	
A	24	7	11	22	27	32	37	42	
A	24	3858	351329	675395	878038	1590779	3180532	9382314	
A	25	7	11	22	27	32	37	42	
A	25	2939	297369	569811	761397	1360392	2829624	9536914	
A	26	7	11	22	27	32	37	42	
A	26	2947	299788	556095	742899	1298015	2675098	9315066	
A	27	7	11	22	27	32	37	42	
A	27	3466	328348	619175	819402	1452783	2915432	9295993	
A	28	7	11	22	27	32	37	42	
A	28	3941	341130	650145	862439	1527529	3032178	9434608	
A	29	7	11	22	27	32	37	42	
A	29	4196	321399	605588	796509	1397894	2796304	9084019	
A	30	7	11	22	27	32	37	42	
A	30	5757	313877	575852	755801	1334993	2694537	9294298	
A	31	7	11	22	27	32	37	42	
A	31	4472	345755	648657	849137	1485766	2928937	9291171	
A	32	7	11	22	27	32	37	42	
A	32	4630	358553	678217	885665	1566397	3060275	9279090	
A	33	7	11	22	27	32	37	42	
A	33	4906	351875	651691	851720	1462402	2883632	9427183	
A	34	7	11	22	27	32	37	42	
A	34	4161	349123	650050	853968	1494608	2944207	9416829	
A	35	7	11	22	27	32	37	42	
A	35	4607	373720	679105	888068	1561588	3045709	9408407	
A	36	7	11	22	27	32	37	42	
A	36	4414	386067	674679	882689	1527112	2973449	9209432	
A	37	7	11	22	27	32	37	42	
A	37	5056	405313	700683	915028	1586369	3085753	9392015	
A	38	7	11	22	27	32	37	42	
A	38	4337	413402	666759	871329	1506073	2936821	9142876	
A	39	7	11	22	27	32	37	42	
A	39	6267	428575	686350	896081	1547177	3006000	9295177	
A	40	7	11	22	27	32	37	42	
A	40	5994	417865	685018	897179	1579485	3080154	9369030	
A	41	7	11	22	27	32	37	42	
A	41	4725	421667	677433	887551	1537796	2996840	9294177	
A	42	7	11	22	27	32	37	42	
A	42	4939	420616	702124	917291	1586896	3067758	9395765	
A	43	7	11	22	27	32	37	42	
A	43	4783	423126	701561	921319	1599688	3095081	9386592	
A	44	7	11	22	27	32	37	42	
A	44	4945	438755	707135	924195	1588609	3067520	9260800	
A	45	7	11	22	27	32	37	42	
A	45	5373	450158	719883	938851	1623113	3137307	9338044	
A	46	7	11	22	27	32	37	42	
A	46	4929	455941	728517	949474	1625250	3131649	9387459	
A	47	7	11	22	27	32	37	42	
A	47	5013	449594	724571	945857	1634594	3148647	9304670	
A	48	7	11	22	27	32	37	42	
A	48	5307	452453	722493	942364	1611017	3096229	9192188	
A	49	7	11	22	27	32	37	42	
A	49	5469	488019	780503	1012348	1721765	3273168	9434136	
A	50	7	11	22	27	32	37	42	
A	50	5569	508063	820062	1060288	1787683	3356368	9388094	
A	51	7	11	22	27	32	37	42	
A	51	6564	521940	830341	1075888	1814353	3419181	9533610	
A	52	7	11	22	27	32	37	42	
A	52	6391	534227	858310	1110308	1866164	3505733	9678172	
A	53	7	11	22	27	32	37	42	
A	53	5775	519139	825006	1072764	1805804	3405201	9449535	
A	54	7	11	22	27	32	37	42	
A	54	6412	529068	839298	1086974	1825102	3422623	9451514	
A	55	7	11	22	27	32	37	42	
A	55	6214	534214	860377	1114207	1870661	3517491	9685390	
A	56	7	11	22	27	32	37	42	
A	56	6922	539185	853186	1104937	1850390	3449779	9278527	
A	57	7	11	22	27	32	37	42	
A	57	6777	564507	900759	1165772	1943514	3587917	9425709	
A	58	7	11	22	27	32	37	42	
A	58	6898	581025	927709	1200093	1995561	3674974	9604250	
A	59	7	11	22	27	32	37	42	
A	59	6862	589983	933137	1204797	1988807	3643712	9473479	
A	60	7	11	22	27	32	37	42	
A	60	6533	590455	935026	1207466	2001048	3661119	9448349	
A	61	7	11	22	27	32	37	42	
A	61	6791	603460	956686	1234632	2050576	3751961	9582274	
A	62	7	11	22	27	32	37	42	
A	62	6768	594274	948792	1223524	2048576	3738712	9452328	
A	63	7	11	22	27	32	37	42	
A	63	7672	615280	977200	1262801	2090048	3778260	9554610	
A	64	7	11	22	27	32	37	42	
A	64	9125	629304	993505	1278681	2109470	3810272	9597040	
A	65	7	11	22	27	32	37	42	
A	65	7754	629541	998823	1283160	2114165	3807018	9437061	
A	66	7	11	22	27	32	37	42	
A	66	7965	628057	994373	1281330	2116116	3833970	9552222	
A	67	7	11	22	27	32	37	42	
A	67	7699	653115	1034560	1330281	2186286	3925480	9633976	
A	68	7	11	22	27	32	37	42	
A	68	7996	704013	1108669	1409957	2268318	3996702	9560253	
A	69	7	11	22	27	32	37	42	
A	69	8948	722819	1135593	1433081	2286418	4021751	9541955	
A	70	7	11	22	27	32	37	42	
A	70	8889	754882	1181037	1488583	2367584	4134800	9566526	
A	71	7	11	22	27	32	37	42	
A	71	8614	738775	1148313	1451064	2312036	4060314	9383950	
A	72	7	11	22	27	32	37	42	
A	72	8387	765296	1184185	1491660	2368878	4132471	9378507	
A	73	7	11	22	27	32	37	42	
A	73	9257	781716	1214326	1534510	2450109	4290608	9635954	
A	74	7	11	22	27	32	37	42	
A	74	9294	798014	1226556	1550549	2458877	4276107	9528084	
A	75	7	11	22	27	32	37	42	
A	75	9239	793914	1228641	1556693	2481789	4325146	9607529	
A	76	7	11	22	27	32	37	42	
A	76	8751	844905	1315985	2022569	3960260	6260494	9688591	
A	77	7	11	22	27	32	37	42	
A	77	9352	757724	1134323	1600020	2866376	5130452	9465544	
A	78	7	11	22	27	32	37	42	
A	78	8704	672940	1034894	1385034	2365584	4347574	9505237	
A	79	7	11	22	27	32	37	42	
A	79	9556	655664	1013368	1329076	2237330	4095051	9656156	
A	80	7	11	22	27	32	37	42	
A	80	8956	642807	987407	1293276	2169709	3904007	9449747	
A	81	7	11	22	27	32	37	42	
A	81	11829	659620	1009305	1317558	2214198	3951674	9579417	
A	82	7	11	22	27	32	37	42	
A	82	10016	688196	1036738	1373819	2338280	4065448	9572768	
A	83	7	11	22	27	32	37	42	
A	83	10178	721686	1079108	1439160	2468333	4216275	9699884	
A	84	7	11	22	27	32	37	42	
A	84	10080	716085	1070166	1442190	2519025	4250774	9604283	
A	85	7	11	22	27	32	37	42	
A	85	12018	761861	1138229	1522966	2630084	4377538	9672920	
A	86	7	11	22	27	32	37	42	
A	86	11933	762928	1140034	1532370	2658848	4395071	9562982	
A	87	7	11	22	27	32	37	42	
A	87	12424	845618	1261019	1650766	2756059	4476875	9478397	
A	88	7	11	22	27	32	37	42	
A	88	12074	830644	1288265	1705420	2850251	4655072	9650984	
A	89	7	11	22	27	32	37	42	
A	89	12284	860688	1338998	1744661	2875726	4702046	9522475	
A	90	7	11	22	27	32	37	42	
A	90	12245	917396	1435139	1842250	2937140	4775622	9575190	
A	91	7	11	22	27	32	37	42	
A	91	11793	904355	1440402	1898403	3033590	4909665	9653877	
A	92	7	11	22	27	32	37	42	
A	92	12342	959444	1490447	1933348	3057527	4900464	9431525	
A	93	7	11	22	27	32	37	42	
A	93	12458	984298	1544876	2027767	3155856	5043264	9600276	
A	94	7	11	22	27	32	37	42	
A	94	12328	1075716	1660650	2159432	3266668	5144388	9629990	
A	95	7	11	22	27	32	37	42	
A	95	12378	1002084	1601991	2153082	3266270	5152931	9555310	
A	96	7	11	22	27	32	37	42	
A	96	11231	984716	1573738	2123363	3282567	5223351	9640646	
A	97	7	11	22	27	32	37	42	
A	97	12144	1014657	1606396	2152704	3330575	5292359	9653779	
A	98	7	11	22	27	32	37	42	
A	98	11699	993158	1567593	2120343	3343929	5294149	9490656	
A	99	7	11	22	27	32	37	42	
A	99	11917	1039026	1622813	2181710	3469464	5424246	9473670	
A	100	7	11	22	27	32	37	42	
A	100	12723	1106076	1720404	2325296	3781812	5828295	9758254	
A	101	7	11	22	27	32	37	42	
A	101	13125	1171572	1785933	2358953	3772784	5701887	9283154	
A	102	7	11	22	27	32	37	42	
A	102	12509	1106067	1785091	2404008	3919522	5905076	9443153	
A	103	7	11	22	27	32	37	42	
A	103	11921	1120523	1754913	2460966	4012220	6041316	9502785	
A	104	7	11	22	27	32	37	42	
A	104	12302	1157183	1773293	2516828	3991484	6011438	9358528	
A	105	7	11	22	27	32	37	42	
A	105	13420	1183986	1816765	2627980	4105750	6160711	9544341	
A	106	7	11	22	27	32	37	42	
A	106	14822	1203164	1837387	2654167	4119602	6156326	9460928	
A	107	7	11	22	27	32	37	42	
A	107	15356	1247965	1896355	2734363	4214859	6270009	9509847	
A	108	7	11	22	27	32	37	42	
A	108	15245	1287977	1954172	2816517	4335856	6401447	9591466	
A	109	7	11	22	27	32	37	42	
A	109	17830	1407236	2078121	2988886	4350550	6325766	9357224	
A	110	7	11	22	27	32	37	42	
A	110	17930	1379804	2104722	3062884	4496483	6486983	9554175	
A	111	7	11	22	27	32	37	42	
A	111	15996	1399205	2089716	3093804	4580013	6537795	9571760	
A	112	7	11	22	27	32	37	42	
A	112	16431	1448736	2127930	3225032	4633860	6639942	9654063	
A	113	7	11	22	27	32	37	42	
A	113	16848	1495615	2193716	3303391	4723544	6660064	9622210	
A	114	7	11	22	27	32	37	42	
A	114	15679	1546792	2259783	3379586	4800507	6685622	9608763	
A	115	7	11	22	27	32	37	42	
A	115	17902	1575944	2296689	3469965	4954379	6858024	9769762	
A	116	7	11	22	27	32	37	42	
A	116	17213	1579647	2294733	3456584	4946310	6822357	9668010	
A	117	7	11	22	27	32	37	42	
A	117	18970	1687122	2416817	3562615	4969667	6778083	9445974	
A	118	7	11	22	27	32	37	42	
A	118	18671	1669007	2476995	3665539	5181067	6968918	9632882	
A	119	7	11	22	27	32	37	42	
A	119	17610	1699301	2463873	3690812	5273416	7062478	9784193	
A	120	7	11	22	27	32	37	42	
A	120	17474	1714951	2476956	3699645	5259250	7037368	9633001	
A	121	7	11	22	27	32	37	42	
A	121	18012	1772581	2543770	3797835	5390403	7159038	9710607	
A	122	7	11	22	27	32	37	42	
A	122	18857	1788659	2583937	3833769	5487236	7196086	9709152	
A	123	7	11	22	27	32	37	42	
A	123	21746	1960760	2799569	4018022	5632223	7225983	9587353	
A	124	7	11	22	27	32	37	42	
A	124	21407	1915629	2813651	4074574	5722728	7257294	9518141	
A	125	7	11	22	27	32	37	42	
A	125	20338	1964050	2825910	4146987	5857854	7444048	9656641	
A	126	7	11	22	27	32	37	42	
A	126	21059	1984016	2828598	4096574	5755806	7298294	9406174	
A	127	7	11	22	27	32	37	42	
A	127	20981	2085392	2985911	4347760	6097792	7695730	9853435	
A	128	7	11	22	27	32	37	42	
A	128	20116	2095084	3018938	4343843	6102102	7574381	9652323	
A	129	7	11	22	27	32	37	42	
A	129	21510	2154997	3088365	4415405	6149096	7592210	9610784	
A	130	7	11	22	27	32	37	42	
A	130	22088	2194918	3114425	4439171	6169735	7607735	9577525	
A	131	7	11	22	27	32	37	42	
A	131	22133	2260804	3221093	4542826	6264907	7655125	9576101	
A	132	7	11	22	27	32	37	42	
A	132	24017	2367067	3333226	4630288	6317145	7649174	9479746	
A	133	7	11	22	27	32	37	42	
A	133	23623	2366947	3295641	4585117	6225495	7518554	9252328	
A	134	7	11	22	27	32	37	42	
A	134	22207	2305874	3265092	4553272	6196085	7458395	9134798	
A	135	7	11	22	27	32	37	42	
A	135	23076	2440504	3393339	4667488	6290002	7505655	9112825	
A	136	7	11	22	27	32	37	42	
A	136	24189	2593632	3603283	4952426	6659646	7933632	9571719	
A	137	7	11	22	27	32	37	42	
A	137	24270	2577342	3570804	4914568	6607664	7866028	9467966	
A	138	7	11	22	27	32	37	42	
A	138	24762	2493083	3462933	4782791	6453183	7677543	9270911	
A	139	7	11	22	27	32	37	42	
A	139	25150	2668164	3697547	5063718	6775640	8029190	9649240	
A	140	7	11	22	27	32	37	42	
A	140	25149	2692235	3724741	5117455	6847255	8086600	9668968	
A	141	7	11	22	27	32	37	42	
A	141	26154	2588964	3591618	4928843	6581213	7759907	9248719	
A	142	7	11	22	27	32	37	42	
A	142	27543	2649080	3685466	5022775	6682070	7859731	9329178	
A	143	7	11	22	27	32	37	42	
A	143	29950	2936953	4014502	5394849	7068491	8227545	9652458	
A	144	7	11	22	27	32	37	42	
A	144	31432	2813908	3914400	5239340	6832125	7925571	9239831	
A	145	7	11	22	27	32	37	42	
A	145	30108	2829679	3861275	5172053	6754845	7828571	9102287	
A	146	7	11	22	27	32	37	42	
A	146	30261	2953946	3996435	5359752	6986734	8065298	9327149	
A	147	7	11	22	27	32	37	42	
A	147	31088	3027921	4086978	5419723	7004633	8041461	9240142	
A	148	7	11	22	27	32	37	42	
A	148	31639	3024883	4075853	5388700	6946011	7957119	9118286	
A	149	7	11	22	27	32	37	42	
A	149	30131	3220047	4400808	5803665	7436341	8478340	9664895	
T	0	11	22	27	32	37	
T	0	243967	272001	768461	4547555	4547595	
T	1	11	22	27	32	37	
T	1	672175	747543	2080356	11368442	11444695	
T	2	11	22	27	32	37	
T	2	560025	659389	1437750	3287687	8828129	
T	3	11	22	27	32	37	
T	3	392492	457305	903768	1809761	7615967	
T	4	11	22	27	32	37	
T	4	334060	442716	766139	1460548	8309948	
T	5	7	11	22	27	32	37	42	
T	5	8182	297560	481142	689909	1226862	2632625	8421617	
T	6	7	11	22	27	32	37	42	
T	6	9274	459977	821727	1105067	1974604	3971383	12556116	
T	7	7	11	22	27	32	37	42	
T	7	7390	372939	670279	875113	1533529	3045045	10156998	
T	8	7	11	22	27	32	37	42	
T	8	4700	389386	689944	897790	1562650	3089619	10826823	
T	9	7	11	22	27	32	37	42	
T	9	2873	316875	579391	743280	1317589	2588761	8598498	
T	10	7	11	22	27	32	37	42	
T	10	2471	297911	534876	686102	1196573	2373640	8378309	
T	11	7	11	22	27	32	37	42	
T	11	3102	335327	603936	777623	1366900	2724255	9836553	
T	12	7	11	22	27	32	37	42	
T	12	3487	347644	635948	816330	1439485	2852325	9940472	
T	13	7	11	22	27	32	37	42	
T	13	3883	334794	605005	776740	1359509	2716799	10043631	
T	14	7	11	22	27	32	37	42	
T	14	5206	327170	591222	758766	1343336	2680056	9664741	
T	15	7	11	22	27	32	37	42	
T	15	5554	325063	589064	756603	1313772	2596061	9496494	
T	16	7	11	22	27	32	37	42	
T	16	5176	355724	659099	845293	1487317	2894966	9690332	
T	17	7	11	22	27	32	37	42	
T	17	3736	358099	662762	853947	1479858	2883310	9482134	
T	18	7	11	22	27	32	37	42	
T	18	3174	351528	643928	838842	1424311	2784336	9418316	
T	19	7	11	22	27	32	37	42	
T	19	3200	349670	649547	849471	1454220	2845375	9379767	
T	20	7	11	22	27	32	37	42	
T	20	3269	329973	609210	790290	1333866	2605147	9411364	
T	21	7	11	22	27	32	37	42	
T	21	3732	365311	675364	877524	1500003	2880841	9272794	
T	22	7	11	22	27	32	37	42	
T	22	4609	366818	691366	901176	1524498	2936914	9486727	
T	23	7	11	22	27	32	37	42	
T	23	4965	356375	660183	865901	1483165	2898552	9540344	
T	24	7	11	22	27	32	37	42	
T	24	4057	408742	768565	1002702	1690816	3200830	9412127	
T	25	7	11	22	27	32	37	42	
T	25	3658	348818	660593	876837	1480736	2912292	9590704	
T	26	7	11	22	27	32	37	42	
T	26	3210	342955	630017	832902	1398119	2746789	9655964	
T	27	7	11	22	27	32	37	42	
T	27	3178	348514	646395	852511	1436317	2807121	9511627	
T	28	7	11	22	27	32	37	42	
T	28	3540	332401	615819	812227	1382580	2731796	9529237	
T	29	7	11	22	27	32	37	42	
T	29	4620	367143	685961	899402	1536880	3005127	9795544	
T	30	7	11	22	27	32	37	42	
T	30	4305	354461	655977	864856	1461295	2858527	9479666	
T	31	7	11	22	27	32	37	42	
T	31	4356	374763	693245	908071	1532491	2954725	9773881	
T	32	7	11	22	27	32	37	42	
T	32	4357	380833	714956	938574	1596908	3072181	9669281	
T	33	7	11	22	27	32	37	42	
T	33	4747	353901	652694	858461	1459607	2836042	9396845	
T	34	7	11	22	27	32	37	42	
T	34	4271	380922	700936	918343	1548988	2967273	9507237	
T	35	7	11	22	27	32	37	42	
T	35	4716	397863	715368	934408	1570330	3005567	9533855	
T	36	7	11	22	27	32	37	42	
T	36	4376	411066	710470	932338	1573166	3016202	9487328	
T	37	7	11	22	27	32	37	42	
T	37	5025	435179	747472	978738	1674661	3191936	9621359	
T	38	7	11	22	27	32	37	42	
T	38	4203	458170	734229	965354	1631239	3126831	9582063	
T	39	7	11	22	27	32	37	42	
T	39	4579	464218	736874	966476	1630038	3108126	9433042	
T	40	7	11	22	27	32	37	42	
T	40	5596	475365	761727	996589	1681199	3195723	9563776	
T	41	7	11	22	27	32	37	42	
T	41	4797	462463	738879	971033	1647544	3156578	9461504	
T	42	7	11	22	27	32	37	42	
T	42	4034	429680	705219	933012	1612263	3098046	9368762	
T	43	7	11	22	27	32	37	42	
T	43	4585	457523	749223	989937	1698091	3250704	9549048	
T	44	7	11	22	27	32	37	42	
T	44	5222	493379	794670	1044393	1765306	3338647	9595688	
T	45	7	11	22	27	32	37	42	
T	45	5153	490299	784626	1030083	1738086	3290408	9429492	
T	46	7	11	22	27	32	37	42	
T	46	5007	503246	801254	1047053	1751544	3292628	9439260	
T	47	7	11	22	27	32	37	42	
T	47	5013	512198	820012	1070831	1788929	3351924	9553023	
T	48	7	11	22	27	32	37	42	
T	48	4792	512991	817393	1069408	1788635	3349329	9462956	
T	49	7	11	22	27	32	37	42	
T	49	5612	526393	841883	1097908	1836148	3415800	9438454	
T	50	7	11	22	27	32	37	42	
T	50	7610	534832	866451	1142386	1934693	3585221	9474609	
T	51	7	11	22	27	32	37	42	
T	51	7268	546727	868973	1142171	1897875	3497642	9212875	
T	52	7	11	22	27	32	37	42	
T	52	6058	558400	903577	1178376	1970770	3639050	9429803	
T	53	7	11	22	27	32	37	42	
T	53	5703	557450	885697	1154813	1908923	3518716	9263137	
T	54	7	11	22	27	32	37	42	
T	54	5881	572511	912290	1185490	1955113	3572337	9220696	
T	55	7	11	22	27	32	37	42	
T	55	6322	586368	949223	1234512	2056797	3738777	9348932	
T	56	7	11	22	27	32	37	42	
T	56	6165	599967	955308	1240015	2040025	3714163	9459445	
T	57	7	11	22	27	32	37	42	
T	57	6104	569542	908989	1183878	1969112	3618232	9272376	
T	58	7	11	22	27	32	37	42	
T	58	6187	577476	923183	1202331	1994222	3662795	9282223	
T	59	7	11	22	27	32	37	42	
T	59	6160	608155	962258	1249508	2045155	3714059	9362376	
T	60	7	11	22	27	32	37	42	
T	60	5904	613621	971115	1259633	2060374	3725453	9283055	
T	61	7	11	22	27	32	37	42	
T	61	6744	625298	986802	1278153	2087930	3763813	9361809	
T	62	7	11	22	27	32	37	42	
T	62	6524	642680	1018763	1315486	2146422	3859372	9497946	
T	63	7	11	22	27	32	37	42	
T	63	6255	623235	993800	1291091	2133185	3836791	9380113	
T	64	7	11	22	27	32	37	42	
T	64	7407	649425	1024490	1323811	2157769	3857320	9380564	
T	65	7	11	22	27	32	37	42	
T	65	7770	648654	1032852	1336359	2196544	3930609	9387520	
T	66	7	11	22	27	32	37	42	
T	66	7012	668024	1054975	1361036	2206016	3910754	9213741	
T	67	7	11	22	27	32	37	42	
T	67	8819	690110	1093030	1408865	2281567	4021035	9324537	
T	68	7	11	22	27	32	37	42	
T	68	7722	700811	1104217	1420712	2291535	4025472	9247300	
T	69	7	11	22	27	32	37	42	
T	69	7511	705137	1109229	1425880	2294549	4023898	9119423	
T	70	7	11	22	27	32	37	42	
T	70	9069	759825	1194240	1532963	2454686	4250216	9348560	
T	71	7	11	22	27	32	37	42	
T	71	8745	753084	1180423	1517793	2430780	4228779	9278767	
T	72	7	11	22	27	32	37	42	
T	72	8428	774449	1212240	1553089	2478095	4295430	9289398	
T	73	7	11	22	27	32	37	42	
T	73	9617	793980	1247524	1599171	2548346	4409022	9419559	
T	74	7	11	22	27	32	37	42	
T	74	8873	822122	1282100	1639076	2595509	4457945	9370534	
T	75	7	11	22	27	32	37	42	
T	75	8942	809412	1266537	1619159	2564264	4385141	9221592	
T	76	7	11	22	27	32	37	42	
T	76	8117	878112	1362840	2100041	4032081	6209516	9305081	
T	77	7	11	22	27	32	37	42	
T	77	8762	776502	1181643	1670932	2955625	5144475	9251614	
T	78	7	11	22	27	32	37	42	
T	78	8444	696222	1087203	1461128	2474534	4413355	9172113	
T	79	7	11	22	27	32	37	42	
T	79	8314	676062	1066134	1408505	2355699	4198654	9179660	
T	80	7	11	22	27	32	37	42	
T	80	8275	682823	1072450	1419204	2380873	4181668	9380541	
T	81	7	11	22	27	32	37	42	
T	81	7535	688936	1080518	1420870	2379483	4139300	9259172	
T	82	7	11	22	27	32	37	42	
T	82	9960	727900	1122072	1501280	2550382	4314158	9401652	
T	83	7	11	22	27	32	37	42	
T	83	9373	734005	1119436	1508556	2583977	4301942	9178139	
T	84	7	11	22	27	32	37	42	
T	84	8052	739989	1128620	1531315	2659722	4347131	9119816	
T	85	7	11	22	27	32	37	42	
T	85	9487	785766	1200510	1620890	2791378	4507955	9259203	
T	86	7	11	22	27	32	37	42	
T	86	8975	787968	1205730	1636239	2832227	4547231	9167745	
T	87	7	11	22	27	32	37	42	
T	87	9181	854544	1303711	1728014	2900734	4595333	9047685	
T	88	7	11	22	27	32	37	42	
T	88	9464	856394	1354955	1808231	3015786	4781173	9186740	
T	89	7	11	22	27	32	37	42	
T	89	9797	884049	1415222	1859606	3074208	4897150	9271293	
T	90	7	11	22	27	32	37	42	
T	90	9966	938572	1507415	1952733	3119255	4940496	9234385	
T	91	7	11	22	27	32	37	42	
T	91	9941	937889	1527592	2023283	3224400	5069552	9329013	
T	92	7	11	22	27	32	37	42	
T	92	10860	984997	1578380	2064842	3282763	5140903	9309602	
T	93	7	11	22	27	32	37	42	
T	93	9953	972330	1572982	2082396	3257422	5105422	9161519	
T	94	7	11	22	27	32	37	42	
T	94	11440	1068473	1697147	2228535	3389280	5238949	9234323	
T	95	7	11	22	27	32	37	42	
T	95	10355	1003091	1643762	2225448	3384493	5237805	9176656	
T	96	7	11	22	27	32	37	42	
T	96	10737	987501	1616854	2192012	3381378	5252457	9141761	
T	97	7	11	22	27	32	37	42	
T	97	11843	1030903	1677764	2263807	3495016	5426827	9369280	
T	98	7	11	22	27	32	37	42	
T	98	10639	1010665	1641926	2234640	3517919	5442470	9192638	
T	99	7	11	22	27	32	37	42	
T	99	10281	1027673	1659514	2256677	3594886	5508643	9115013	
T	100	7	11	22	27	32	37	42	
T	100	11757	1080712	1727472	2352472	3813811	5740961	9110275	
T	101	7	11	22	27	32	37	42	
T	101	11891	1163042	1827388	2444896	3920707	5813095	9036497	
T	102	7	11	22	27	32	37	42	
T	102	11319	1111372	1836455	2493228	4054337	5973222	9081681	
T	103	7	11	22	27	32	37	42	
T	103	11666	1147917	1841070	2589742	4186899	6141890	9173801	
T	104	7	11	22	27	32	37	42	
T	104	11123	1177177	1854483	2648722	4174830	6135287	9101017	
T	105	7	11	22	27	32	37	42	
T	105	11714	1200001	1891124	2744342	4229743	6172181	9073001	
T	106	7	11	22	27	32	37	42	
T	106	11875	1215144	1905837	2760512	4242978	6181277	9046455	
T	107	7	11	22	27	32	37	42	
T	107	14055	1259651	1961683	2838186	4324415	6269266	9042939	
T	108	7	11	22	27	32	37	42	
T	108	12649	1268401	1969540	2846635	4328090	6219269	8898762	
T	109	7	11	22	27	32	37	42	
T	109	17177	1412959	2133018	3082147	4441983	6307225	8919350	
T	110	7	11	22	27	32	37	42	
T	110	13131	1413729	2206405	3218133	4670253	6575787	9251430	
T	111	7	11	22	27	32	37	42	
T	111	13193	1433545	2189003	3240114	4718221	6555556	9137836	
T	112	7	11	22	27	32	37	42	
T	112	15046	1497037	2244605	3390333	4796025	6684183	9282059	
T	113	7	11	22	27	32	37	42	
T	113	14305	1508952	2260163	3400346	4796213	6594957	9112038	
T	114	7	11	22	27	32	37	42	
T	114	14236	1570225	2330530	3480929	4879760	6627659	9127738	
T	115	7	11	22	27	32	37	42	
T	115	15399	1586823	2345445	3520535	4943086	6661493	9055412	
T	116	7	11	22	27	32	37	42	
T	116	14810	1596610	2355548	3531784	4976941	6689799	9075193	
T	117	7	11	22	27	32	37	42	
T	117	15465	1682770	2446810	3597396	4950385	6588197	8806350	
T	118	7	11	22	27	32	37	42	
T	118	15240	1705441	2557595	3766665	5245366	6888246	9145122	
T	119	7	11	22	27	32	37	42	
T	119	14910	1717011	2518833	3736917	5234723	6812412	8981475	
T	120	7	11	22	27	32	37	42	
T	120	15318	1737528	2542198	3765748	5253257	6842380	8968988	
T	121	7	11	22	27	32	37	42	
T	121	16193	1798658	2612275	3866361	5385229	6963577	9066071	
T	122	7	11	22	27	32	37	42	
T	122	16362	1815868	2652591	3895894	5453223	6946966	8951737	
T	123	7	11	22	27	32	37	42	
T	123	18134	1970331	2858037	4088411	5632761	7061324	8992832	
T	124	7	11	22	27	32	37	42	
T	124	19822	2002908	2973561	4282077	5904013	7325117	9259583	
T	125	7	11	22	27	32	37	42	
T	125	18549	1976875	2867273	4160327	5752289	7136727	8932047	
T	126	7	11	22	27	32	37	42	
T	126	16768	1992393	2871097	4118740	5662847	6995730	8673274	
T	127	7	11	22	27	32	37	42	
T	127	18314	2055651	2957594	4248754	5825713	7176478	8881156	
T	128	7	11	22	27	32	37	42	
T	128	17608	2124961	3093197	4408140	6050256	7335438	9025518	
T	129	7	11	22	27	32	37	42	
T	129	17742	2200768	3195901	4535122	6186524	7477343	9150038	
T	130	7	11	22	27	32	37	42	
T	130	18590	2258772	3248640	4588184	6234507	7503990	9104720	
T	131	7	11	22	27	32	37	42	
T	131	18833	2295375	3297815	4608582	6214195	7425762	8971908	
T	132	7	11	22	27	32	37	42	
T	132	20799	2408441	3434385	4746914	6351777	7542783	9064586	
T	133	7	11	22	27	32	37	42	
T	133	20710	2399111	3379492	4664883	6204594	7336582	8742886	
T	134	7	11	22	27	32	37	42	
T	134	19892	2338468	3339470	4622159	6167654	7280199	8657472	
T	135	7	11	22	27	32	37	42	
T	135	19925	2446370	3444453	4700677	6200519	7255943	8554945	
T	136	7	11	22	27	32	37	42	
T	136	20772	2613062	3667440	4997275	6579873	7690802	9020540	
T	137	7	11	22	27	32	37	42	
T	137	20917	2545391	3554318	4844033	6372359	7445682	8722957	
T	138	7	11	22	27	32	37	42	
T	138	21168	2521990	3530894	4823950	6359530	7414311	8683280	
T	139	7	11	22	27	32	37	42	
T	139	22618	2686866	3761866	5113070	6702798	7794803	9104795	
T	140	7	11	22	27	32	37	42	
T	140	22278	2683344	3739721	5082073	6646039	7701502	8956741	
T	141	7	11	22	27	32	37	42	
T	141	23853	2598752	3636940	4936962	6451614	7462736	8655328	
T	142	7	11	22	27	32	37	42	
T	142	24681	2663037	3725309	5025218	6539862	7550696	8726918	
T	143	7	11	22	27	32	37	42	
T	143	25916	2886032	3964872	5270104	6761694	7729772	8835823	
T	144	7	11	22	27	32	37	42	
T	144	24958	2797780	3910257	5195033	6650444	7594406	8659699	
T	145	7	11	22	27	32	37	42	
T	145	26767	2824996	3871205	5125394	6545501	7450638	8453961	
T	146	7	11	22	27	32	37	42	
T	146	26761	2910749	3959438	5247209	6693783	7594237	8572701	
T	147	7	11	22	27	32	37	42	
T	147	26845	2980499	4055291	5328624	6757291	7640893	8597701	
T	148	7	11	22	27	32	37	42	
T	148	28452	2992258	4062554	5319033	6720353	7577089	8494955	
T	149	7	11	22	27	32	37	42	
T	149	28066	3158696	4315423	5620809	7048621	7900708	8793702	
G	0	11	22	27	32	37	
G	0	221366	247339	770229	5893383	5893433	
G	1	11	22	27	32	37	
G	1	198313	223256	731022	6008653	6047566	
G	2	11	22	27	32	37	
G	2	165584	201975	467291	1341488	5541858	
G	3	11	22	27	32	37	
G	3	260792	301105	560408	1124507	6694128	
G	4	11	22	27	32	37	
G	4	202820	271683	463943	889044	6896080	
G	5	7	11	22	27	32	37	42	
G	5	23591	174309	268256	405941	737773	1826461	5755202	
G	6	7	11	22	27	32	37	42	
G	6	27315	215479	316612	402736	636464	1382330	5194215	
G	7	7	11	22	27	32	37	42	
G	7	16053	147015	244841	321832	553104	1270411	5075430	
G	8	7	11	22	27	32	37	42	
G	8	17616	156877	260064	337680	576248	1284583	5550369	
G	9	7	11	22	27	32	37	42	
G	9	24699	218221	331669	407730	639167	1330139	5506105	
G	10	7	11	22	27	32	37	42	
G	10	12655	164391	285482	370888	645757	1485064	6223689	
G	11	7	11	22	27	32	37	42	
G	11	15417	158032	262081	339797	586115	1330406	5727113	
G	12	7	11	22	27	32	37	42	
G	12	23342	200876	312285	393992	643806	1345659	5642524	
G	13	7	11	22	27	32	37	42	
G	13	29414	200507	311453	394847	654159	1409635	5743609	
G	14	7	11	22	27	32	37	42	
G	14	21563	167844	277490	359716	618288	1391768	5830022	
G	15	7	11	22	27	32	37	42	
G	15	20913	167760	284290	371517	638249	1402771	5762346	
G	16	7	11	22	27	32	37	42	
G	16	19407	162907	275256	360844	618039	1366097	5899655	
G	17	7	11	22	27	32	37	42	
G	17	15804	167891	283983	370660	626695	1405059	5919858	
G	18	7	11	22	27	32	37	42	
G	18	13722	169011	288696	380142	648529	1441275	5949444	
G	19	7	11	22	27	32	37	42	
G	19	21222	228429	362684	459562	734922	1509550	5974042	
G	20	7	11	22	27	32	37	42	
G	20	15132	182511	316014	414817	701164	1507919	5968094	
G	21	7	11	22	27	32	37	42	
G	21	23251	223240	348213	442526	710496	1474920	5933584	
G	22	7	11	22	27	32	37	42	
G	22	16017	168849	288952	383371	644868	1419930	5798626	
G	23	7	11	22	27	32	37	42	
G	23	17799	168495	285712	382826	658006	1489026	5733094	
G	24	7	11	22	27	32	37	42	
G	24	14915	167422	284411	377620	638854	1448544	5685969	
G	25	7	11	22	27	32	37	42	
G	25	14210	169491	299945	405302	707545	1599189	5631818	
G	26	7	11	22	27	32	37	42	
G	26	18588	219010	360017	471534	795661	1713497	5797108	
G	27	7	11	22	27	32	37	42	
G	27	16279	202359	338317	445469	759676	1605293	5750928	
G	28	7	11	22	27	32	37	42	
G	28	15491	181752	318440	426938	741121	1622663	5739932	
G	29	7	11	22	27	32	37	42	
G	29	17617	179749	310012	412485	707995	1575501	5717648	
G	30	7	11	22	27	32	37	42	
G	30	18718	178795	307955	410018	699523	1533264	5697524	
G	31	7	11	22	27	32	37	42	
G	31	20071	184451	314536	417265	712163	1564537	5689847	
G	32	7	11	22	27	32	37	42	
G	32	34868	238726	373438	480977	784906	1648958	5768689	
G	33	7	11	22	27	32	37	42	
G	33	22353	207087	350502	460399	779155	1680960	5804244	
G	34	7	11	22	27	32	37	42	
G	34	27962	240419	387350	500006	826459	1733290	5900211	
G	35	7	11	22	27	32	37	42	
G	35	19957	201820	338777	448884	767871	1671952	5693730	
G	36	7	11	22	27	32	37	42	
G	36	21097	211834	344275	456740	782815	1699585	5683010	
G	37	7	11	22	27	32	37	42	
G	37	22748	219497	350480	465634	796664	1730613	5705384	
G	38	7	11	22	27	32	37	42	
G	38	25009	269611	403480	528331	892220	1881065	5877961	
G	39	7	11	22	27	32	37	42	
G	39	28454	268388	399053	520703	874882	1813439	5720898	
G	40	7	11	22	27	32	37	42	
G	40	22615	239679	368933	487662	831998	1784973	5829038	
G	41	7	11	22	27	32	37	42	
G	41	30463	282391	415286	537925	893233	1855714	5875991	
G	42	7	11	22	27	32	37	42	
G	42	22523	241534	377017	499085	848705	1779134	5688052	
G	43	7	11	22	27	32	37	42	
G	43	23248	233644	362759	487267	839465	1791930	5787009	
G	44	7	11	22	27	32	37	42	
G	44	22601	237160	366222	489991	839960	1802514	5750784	
G	45	7	11	22	27	32	37	42	
G	45	23555	251600	383566	505804	859755	1817347	5646360	
G	46	7	11	22	27	32	37	42	
G	46	29875	301149	444315	574207	954192	1968921	5901515	
G	47	7	11	22	27	32	37	42	
G	47	24168	256473	395688	521651	885464	1881014	5759841	
G	48	7	11	22	27	32	37	42	
G	48	24726	266920	407513	535307	906092	1893479	5730410	
G	49	7	11	22	27	32	37	42	
G	49	33402	306198	449684	580100	958044	1960800	5765709	
G	50	7	11	22	27	32	37	42	
G	50	28007	283579	429532	561817	939633	1959249	5761491	
G	51	7	11	22	27	32	37	42	
G	51	36285	320749	469228	603597	992856	2026662	5730000	
G	52	7	11	22	27	32	37	42	
G	52	29078	290675	440780	574461	960810	1982689	5637477	
G	53	7	11	22	27	32	37	42	
G	53	37553	335714	494324	636160	1050944	2136967	5901618	
G	54	7	11	22	27	32	37	42	
G	54	30269	300000	454195	591162	989805	2044520	5706258	
G	55	7	11	22	27	32	37	42	
G	55	31557	299675	457143	597128	1002712	2071613	5726731	
G	56	7	11	22	27	32	37	42	
G	56	30547	303640	462074	605163	1015798	2099942	5758761	
G	57	7	11	22	27	32	37	42	
G	57	31246	309550	469451	613698	1032141	2127870	5732297	
G	58	7	11	22	27	32	37	42	
G	58	33070	313150	474862	622642	1042232	2144361	5751479	
G	59	7	11	22	27	32	37	42	
G	59	31823	321455	487089	637150	1065640	2167798	5751984	
G	60	7	11	22	27	32	37	42	
G	60	31144	318549	483481	630651	1054526	2141441	5664000	
G	61	7	11	22	27	32	37	42	
G	61	39302	368907	544602	697815	1150302	2276681	5812397	
G	62	7	11	22	27	32	37	42	
G	62	35055	341288	519065	674476	1128038	2242644	5760092	
G	63	7	11	22	27	32	37	42	
G	63	36545	342980	518801	676714	1140448	2250248	5740459	
G	64	7	11	22	27	32	37	42	
G	64	38041	343608	521630	681448	1149872	2277125	5798906	
G	65	7	11	22	27	32	37	42	
G	65	39670	356304	538308	699873	1178289	2307281	5786765	
G	66	7	11	22	27	32	37	42	
G	66	38958	356252	537833	699522	1174378	2302900	5723438	
G	67	7	11	22	27	32	37	42	
G	67	39325	368175	554647	719123	1204931	2349379	5764538	
G	68	7	11	22	27	32	37	42	
G	68	40231	389380	585893	758783	1267233	2427189	5848102	
G	69	7	11	22	27	32	37	42	
G	69	41735	394201	591578	766489	1281696	2462080	5851436	
G	70	7	11	22	27	32	37	42	
G	70	44177	412990	611969	789660	1307945	2468895	5820794	
G	71	7	11	22	27	32	37	42	
G	71	43159	426572	637724	823641	1370638	2586927	5967865	
G	72	7	11	22	27	32	37	42	
G	72	45432	439379	651572	838344	1383028	2584020	5888263	
G	73	7	11	22	27	32	37	42	
G	73	48345	451432	669736	859838	1410368	2620315	5831615	
G	74	7	11	22	27	32	37	42	
G	74	47308	475867	698416	890446	1448759	2663288	5850783	
G	75	7	11	22	27	32	37	42	
G	75	47565	468185	694449	886291	1447610	2677426	5875621	
G	76	7	11	22	27	32	37	42	
G	76	50397	611441	1046149	1657222	3539252	4961437	5847383	
G	77	7	11	22	27	32	37	42	
G	77	48818	487132	716223	1021330	2019858	3799450	5913598	
G	78	7	11	22	27	32	37	42	
G	78	48714	433401	638674	853553	1536708	2941806	5916181	
G	79	7	11	22	27	32	37	42	
G	79	49474	415270	608502	797936	1388318	2615704	5925130	
G	80	7	11	22	27	32	37	42	
G	80	51993	421976	607332	794905	1361539	2516505	5928424	
G	81	7	11	22	27	32	37	42	
G	81	52441	420173	603382	787938	1345738	2463298	5828981	
G	82	7	11	22	27	32	37	42	
G	82	52691	429106	606543	805576	1393542	2527970	5856249	
G	83	7	11	22	27	32	37	42	
G	83	55136	453111	635764	848283	1462995	2613450	5856231	
G	84	7	11	22	27	32	37	42	
G	84	55573	459381	641782	870827	1522887	2709088	5898973	
G	85	7	11	22	27	32	37	42	
G	85	59525	470414	656182	897056	1557164	2763181	5887112	
G	86	7	11	22	27	32	37	42	
G	86	56648	475478	668232	919569	1604778	2829398	5940011	
G	87	7	11	22	27	32	37	42	
G	87	58295	539960	759568	1018998	1717221	2962329	6012845	
G	88	7	11	22	27	32	37	42	
G	88	60486	510774	739917	1015258	1701371	2931144	5916071	
G	89	7	11	22	27	32	37	42	
G	89	58498	521949	758698	1036273	1719138	2975275	5902120	
G	90	7	11	22	27	32	37	42	
G	90	56563	552742	805059	1074106	1728597	2967007	5822337	
G	91	7	11	22	27	32	37	42	
G	91	57302	545876	815671	1113532	1786382	3016935	5838276	
G	92	7	11	22	27	32	37	42	
G	92	59013	579061	850528	1151134	1860343	3146631	5992281	
G	93	7	11	22	27	32	37	42	
G	93	59874	585324	869485	1187320	1893339	3162438	5871597	
G	94	7	11	22	27	32	37	42	
G	94	63015	645550	944525	1258336	1975051	3254458	5938006	
G	95	7	11	22	27	32	37	42	
G	95	59356	600682	923276	1274138	2007353	3291524	5958866	
G	96	7	11	22	27	32	37	42	
G	96	57658	578236	887238	1225906	1973652	3263808	5871360	
G	97	7	11	22	27	32	37	42	
G	97	59404	587618	884654	1219836	1973409	3270888	5843691	
G	98	7	11	22	27	32	37	42	
G	98	58800	604977	915631	1266538	2085500	3432464	6019361	
G	99	7	11	22	27	32	37	42	
G	99	59424	609505	916625	1262253	2112274	3461924	5985683	
G	100	7	11	22	27	32	37	42	
G	100	63278	641156	951902	1309972	2217150	3557887	5901367	
G	101	7	11	22	27	32	37	42	
G	101	67022	718454	1043080	1390758	2282946	3571489	5781872	
G	102	7	11	22	27	32	37	42	
G	102	62082	674032	1056070	1443742	2427536	3779872	6011200	
G	103	7	11	22	27	32	37	42	
G	103	64987	671646	1011463	1432953	2408903	3763016	5950366	
G	104	7	11	22	27	32	37	42	
G	104	67822	739637	1080842	1554926	2560417	3994614	6219320	
G	105	7	11	22	27	32	37	42	
G	105	67439	709298	1037669	1513055	2455881	3828587	5969298	
G	106	7	11	22	27	32	37	42	
G	106	72542	746878	1093875	1602108	2599612	4054074	6266405	
G	107	7	11	22	27	32	37	42	
G	107	78990	773722	1121713	1628195	2611490	4021152	6121406	
G	108	7	11	22	27	32	37	42	
G	108	79575	794416	1147399	1664665	2669812	4072253	6103999	
G	109	7	11	22	27	32	37	42	
G	109	82310	881752	1231822	1762448	2661832	3997489	5919672	
G	110	7	11	22	27	32	37	42	
G	110	80490	854784	1246457	1809559	2759884	4088514	5993535	
G	111	7	11	22	27	32	37	42	
G	111	79246	858377	1221481	1817730	2824884	4131724	6032468	
G	112	7	11	22	27	32	37	42	
G	112	82609	893934	1240136	1881207	2832283	4153275	6017111	
G	113	7	11	22	27	32	37	42	
G	113	83382	920891	1276645	1925877	2906911	4196215	6056932	
G	114	7	11	22	27	32	37	42	
G	114	85315	952091	1313934	1969845	2961928	4209243	6044959	
G	115	7	11	22	27	32	37	42	
G	115	90502	970108	1339218	2021566	3039231	4266011	6051935	
G	116	7	11	22	27	32	37	42	
G	116	89339	976295	1343752	2031397	3072384	4303532	6057016	
G	117	7	11	22	27	32	37	42	
G	117	93065	1069562	1446518	2118380	3099477	4287372	5963619	
G	118	7	11	22	27	32	37	42	
G	118	92443	1038349	1468638	2177384	3249912	4433337	6104148	
G	119	7	11	22	27	32	37	42	
G	119	93102	1062098	1455532	2186251	3302610	4466043	6109249	
G	120	7	11	22	27	32	37	42	
G	120	93151	1077076	1475108	2212658	3325324	4521610	6152166	
G	121	7	11	22	27	32	37	42	
G	121	96476	1106940	1498914	2242235	3360917	4530623	6119325	
G	122	7	11	22	27	32	37	42	
G	122	101047	1140585	1560579	2319336	3501683	4652418	6199492	
G	123	7	11	22	27	32	37	42	
G	123	109118	1300005	1765034	2517175	3687812	4787885	6243939	
G	124	7	11	22	27	32	37	42	
G	124	105548	1220001	1715810	2482648	3667065	4763358	6195159	
G	125	7	11	22	27	32	37	42	
G	125	108179	1272444	1741990	2561972	3797554	4923488	6327529	
G	126	7	11	22	27	32	37	42	
G	126	105188	1241866	1680279	2433356	3597503	4653623	5954737	
G	127	7	11	22	27	32	37	42	
G	127	108277	1291992	1754221	2553465	3757798	4841267	6155654	
G	128	7	11	22	27	32	37	42	
G	128	109546	1328850	1818934	2612028	3846434	4905800	6197118	
G	129	7	11	22	27	32	37	42	
G	129	111609	1356878	1851539	2642279	3853058	4880417	6113624	
G	130	7	11	22	27	32	37	42	
G	130	116990	1410131	1911493	2728379	3961144	4996686	6228168	
G	131	7	11	22	27	32	37	42	
G	131	119528	1493883	2032554	2868826	4135357	5171916	6380471	
G	132	7	11	22	27	32	37	42	
G	132	125727	1567519	2110952	2925040	4161738	5150750	6292346	
G	133	7	11	22	27	32	37	42	
G	133	123986	1568728	2088304	2893178	4089950	5049448	6152316	
G	134	7	11	22	27	32	37	42	
G	134	126934	1556889	2107284	2939624	4167029	5121413	6187130	
G	135	7	11	22	27	32	37	42	
G	135	127674	1636584	2170943	2959446	4123748	5013546	6004393	
G	136	7	11	22	27	32	37	42	
G	136	127203	1720759	2288256	3139669	4379853	5305537	6307620	
G	137	7	11	22	27	32	37	42	
G	137	131442	1692882	2231941	3058723	4265747	5186002	6191948	
G	138	7	11	22	27	32	37	42	
G	138	129465	1664055	2198113	3025352	4241570	5144030	6120402	
G	139	7	11	22	27	32	37	42	
G	139	134051	1745317	2308379	3157455	4390017	5300540	6279925	
G	140	7	11	22	27	32	37	42	
G	140	140440	1766699	2336563	3206863	4448748	5355116	6323691	
G	141	7	11	22	27	32	37	42	
G	141	145376	1728796	2290478	3137414	4349673	5227557	6149081	
G	142	7	11	22	27	32	37	42	
G	142	151597	1770680	2352522	3199256	4416197	5286351	6174029	
G	143	7	11	22	27	32	37	42	
G	143	158677	1986384	2595246	3467783	4691263	5548011	6406997	
G	144	7	11	22	27	32	37	42	
G	144	157563	1884481	2518774	3368381	4553218	5374929	6193715	
G	145	7	11	22	27	32	37	42	
G	145	165568	1926363	2514956	3350348	4511057	5315778	6106686	
G	146	7	11	22	27	32	37	42	
G	146	162438	2009544	2607990	3492745	4701946	5507558	6291853	
G	147	7	11	22	27	32	37	42	
G	147	165233	2045645	2659159	3529618	4715254	5487105	6218020	
G	148	7	11	22	27	32	37	42	
G	148	168777	2078586	2707389	3582700	4767449	5542860	6273200	
G	149	7	11	22	27	32	37	42	
G	149	170356	2174924	2864912	3780189	4980883	5737000	6432043	
C	0	11	22	27	32	37	
C	0	732233	815584	2427549	12714107	12714263	
C	1	11	22	27	32	37	
C	1	243879	274845	857602	5311693	5383302	
C	2	11	22	27	32	37	
C	2	438777	514181	1131109	2522849	7331377	
C	3	11	22	27	32	37	
C	3	343664	399279	810647	1649499	7147013	
C	4	11	22	27	32	37	
C	4	248501	315864	498945	855614	5454975	
C	5	7	11	22	27	32	37	42	
C	5	27799	210008	318001	469584	793545	1648228	5378008	
C	6	7	11	22	27	32	37	42	
C	6	16923	186251	311368	417931	708670	1403255	5278012	
C	7	7	11	22	27	32	37	42	
C	7	23911	233627	390084	508147	841372	1632542	6395798	
C	8	7	11	22	27	32	37	42	
C	8	22318	218955	363580	472136	780863	1495810	5916984	
C	9	7	11	22	27	32	37	42	
C	9	12649	176224	299934	386774	650713	1262058	5024584	
C	10	7	11	22	27	32	37	42	
C	10	16593	239945	409338	527926	880868	1680064	6126945	
C	11	7	11	22	27	32	37	42	
C	11	24490	261729	425180	541460	880406	1637233	6115933	
C	12	7	11	22	27	32	37	42	
C	12	16775	195543	325385	418481	687753	1310547	5549937	
C	13	7	11	22	27	32	37	42	
C	13	18177	203729	342238	440457	728402	1374673	5322235	
C	14	7	11	22	27	32	37	42	
C	14	43854	268500	430302	550401	891401	1641151	5743767	
C	15	7	11	22	27	32	37	42	
C	15	23483	230222	383831	492739	808135	1518748	5818205	
C	16	7	11	22	27	32	37	42	
C	16	20656	218219	365840	470397	766202	1428408	5599173	
C	17	7	11	22	27	32	37	42	
C	17	18233	234168	394787	509217	834621	1565184	5734013	
C	18	7	11	22	27	32	37	42	
C	18	20713	265995	431168	551896	883259	1623570	5967355	
C	19	7	11	22	27	32	37	42	
C	19	15979	210905	354758	465356	760922	1440178	5581412	
C	20	7	11	22	27	32	37	42	
C	20	16748	230968	391146	506129	817145	1514331	5579833	
C	21	7	11	22	27	32	37	42	
C	21	17713	235718	400286	524488	857748	1609379	5761396	
C	22	7	11	22	27	32	37	42	
C	22	19667	248481	418683	544330	872050	1604178	5629618	
C	23	7	11	22	27	32	37	42	
C	23	20828	242180	407287	533083	859941	1602866	5682025	
C	24	7	11	22	27	32	37	42	
C	24	19922	252553	422311	551685	884217	1637845	5870707	
C	25	7	11	22	27	32	37	42	
C	25	16525	246191	422353	555310	895557	1661841	5588711	
C	26	7	11	22	27	32	37	42	
C	26	18297	253416	426952	558985	900562	1668321	5580799	
C	27	7	11	22	27	32	37	42	
C	27	18002	242990	403637	522997	833156	1541076	5785127	
C	28	7	11	22	27	32	37	42	
C	28	23011	269438	427720	545068	855976	1555128	5641686	
C	29	7	11	22	27	32	37	42	
C	29	25757	260885	427247	552048	890324	1645389	5746832	
C	30	7	11	22	27	32	37	42	
C	30	22822	262663	439899	571160	918778	1697039	5871678	
C	31	7	11	22	27	32	37	42	
C	31	35258	277913	440517	565208	888180	1609892	5585430	
C	32	7	11	22	27	32	37	42	
C	32	22063	248229	409013	528991	845553	1564999	5621340	
C	33	7	11	22	27	32	37	42	
C	33	23937	272595	456591	588707	934755	1706873	5712128	
C	34	7	11	22	27	32	37	42	
C	34	21251	253844	420562	544646	871691	1601711	5512495	
C	35	7	11	22	27	32	37	42	
C	35	23850	277205	451350	582799	928074	1703744	5700908	
C	36	7	11	22	27	32	37	42	
C	36	33500	327762	506437	647577	1021765	1846563	5961696	
C	37	7	11	22	27	32	37	42	
C	37	24506	291634	461777	596432	955260	1749356	5621820	
C	38	7	11	22	27	32	37	42	
C	38	22442	309853	474059	612974	985982	1809402	5742436	
C	39	7	11	22	27	32	37	42	
C	39	25798	319860	485485	627812	1008522	1849628	5899563	
C	40	7	11	22	27	32	37	42	
C	40	22836	304838	465933	603379	970051	1783152	5585353	
C	41	7	11	22	27	32	37	42	
C	41	24225	313008	476862	618799	998313	1836221	5719843	
C	42	7	11	22	27	32	37	42	
C	42	25327	323989	505137	653775	1054164	1924223	5900263	
C	43	7	11	22	27	32	37	42	
C	43	24152	314824	488640	636617	1031630	1884346	5628792	
C	44	7	11	22	27	32	37	42	
C	44	29166	343705	518178	667609	1070341	1956299	5739633	
C	45	7	11	22	27	32	37	42	
C	45	26694	353422	542744	702776	1133076	2061430	5937021	
C	46	7	11	22	27	32	37	42	
C	46	26220	341448	521889	673785	1082881	1965516	5620736	
C	47	7	11	22	27	32	37	42	
C	47	28753	358903	550870	712848	1145253	2069348	5731184	
C	48	7	11	22	27	32	37	42	
C	48	31999	389849	588341	755981	1210996	2180318	5964082	
C	49	7	11	22	27	32	37	42	
C	49	28586	364089	556002	715783	1144938	2058317	5714430	
C	50	7	11	22	27	32	37	42	
C	50	29512	380998	585202	750239	1191773	2120136	5730430	
C	51	7	11	22	27	32	37	42	
C	51	29531	390466	596436	764750	1219172	2172193	5877657	
C	52	7	11	22	27	32	37	42	
C	52	30195	394044	604543	773192	1220282	2149354	5605308	
C	53	7	11	22	27	32	37	42	
C	53	31428	395807	603065	774054	1229194	2181750	5735900	
C	54	7	11	22	27	32	37	42	
C	54	40452	438402	659389	840846	1325749	2324851	5973126	
C	55	7	11	22	27	32	37	42	
C	55	32149	398415	611341	780373	1231022	2166262	5590128	
C	56	7	11	22	27	32	37	42	
C	56	37749	430318	649428	827535	1308054	2301620	5852380	
C	57	7	11	22	27	32	37	42	
C	57	33385	435458	666768	851061	1342470	2349505	5918052	
C	58	7	11	22	27	32	37	42	
C	58	32948	422224	646502	825804	1301867	2276776	5714085	
C	59	7	11	22	27	32	37	42	
C	59	35124	440163	665452	846885	1333609	2323999	5762742	
C	60	7	11	22	27	32	37	42	
C	60	37274	468963	709723	901879	1418903	2461973	5954950	
C	61	7	11	22	27	32	37	42	
C	61	35432	439474	667550	850424	1335293	2303882	5593743	
C	62	7	11	22	27	32	37	42	
C	62	37519	453627	689113	876560	1374413	2351974	5639782	
C	63	7	11	22	27	32	37	42	
C	63	36900	453224	689933	879853	1385850	2367261	5672713	
C	64	7	11	22	27	32	37	42	
C	64	43403	463162	693760	879818	1383834	2362533	5570776	
C	65	7	11	22	27	32	37	42	
C	65	41389	473636	720495	917594	1443677	2455180	5737090	
C	66	7	11	22	27	32	37	42	
C	66	42785	500043	761320	967915	1520147	2575031	5855702	
C	67	7	11	22	27	32	37	42	
C	67	41555	492746	746244	946745	1480360	2489779	5624041	
C	68	7	11	22	27	32	37	42	
C	68	43487	511285	770477	978541	1524195	2550799	5689088	
C	69	7	11	22	27	32	37	42	
C	69	43903	530099	801702	1014376	1584270	2646417	5830377	
C	70	7	11	22	27	32	37	42	
C	70	44060	538980	808133	1021208	1581440	2611622	5607692	
C	71	7	11	22	27	32	37	42	
C	71	47117	555397	829550	1049795	1622722	2680723	5708866	
C	72	7	11	22	27	32	37	42	
C	72	47256	580898	870110	1094345	1686420	2764078	5779017	
C	73	7	11	22	27	32	37	42	
C	73	46088	558949	831384	1043392	1601050	2613590	5449875	
C	74	7	11	22	27	32	37	42	
C	74	48976	588893	872489	1092891	1669845	2714981	5583433	
C	75	7	11	22	27	32	37	42	
C	75	47079	587697	874904	1097285	1681083	2740514	5629559	
C	76	7	11	22	27	32	37	42	
C	76	41400	597813	878657	1282527	2344418	3751496	5490183	
C	77	7	11	22	27	32	37	42	
C	77	45979	558745	809155	1103428	1878897	3261710	5699892	
C	78	7	11	22	27	32	37	42	
C	78	46000	530299	786242	1025616	1670368	2842951	5738561	
C	79	7	11	22	27	32	37	42	
C	79	45631	499247	744029	956603	1535349	2589668	5568318	
C	80	7	11	22	27	32	37	42	
C	80	44986	506715	750570	963580	1536809	2567177	5570460	
C	81	7	11	22	27	32	37	42	
C	81	49185	529213	784137	1002043	1590921	2633042	5662833	
C	82	7	11	22	27	32	37	42	
C	82	49867	537099	781091	1007025	1603923	2637394	5502316	
C	83	7	11	22	27	32	37	42	
C	83	51761	567355	817972	1059315	1685570	2753706	5598944	
C	84	7	11	22	27	32	37	42	
C	84	56021	580614	835873	1093981	1757706	2867602	5707382	
C	85	7	11	22	27	32	37	42	
C	85	53062	571394	823437	1072747	1712377	2789741	5506964	
C	86	7	11	22	27	32	37	42	
C	86	54592	594815	861501	1127111	1807867	2925674	5659556	
C	87	7	11	22	27	32	37	42	
C	87	58083	663203	958201	1230146	1923749	3075068	5790406	
C	88	7	11	22	27	32	37	42	
C	88	54613	628928	932785	1207030	1880969	2994393	5573224	
C	89	7	11	22	27	32	37	42	
C	89	57528	656983	981938	1254322	1934145	3073380	5635827	
C	90	7	11	22	27	32	37	42	
C	90	58800	703253	1053821	1329426	1997695	3143931	5696038	
C	91	7	11	22	27	32	37	42	
C	91	56117	669342	1014595	1302779	1962226	3069403	5503190	
C	92	7	11	22	27	32	37	42	
C	92	60292	715909	1072028	1359762	2039969	3166541	5585222	
C	93	7	11	22	27	32	37	42	
C	93	58575	729957	1106240	1417937	2110084	3265762	5683327	
C	94	7	11	22	27	32	37	42	
C	94	62521	755447	1129266	1438141	2107166	3210819	5515563	
C	95	7	11	22	27	32	37	42	
C	95	59093	733655	1125277	1467240	2152384	3280094	5625410	
C	96	7	11	22	27	32	37	42	
C	96	63342	747571	1145210	1490928	2212634	3368260	5668932	
C	97	7	11	22	27	32	37	42	
C	97	59003	730326	1109024	1437101	2130258	3247993	5458446	
C	98	7	11	22	27	32	37	42	
C	98	59496	741003	1134746	1481052	2243234	3392810	5626488	
C	99	7	11	22	27	32	37	42	
C	99	60117	771290	1177951	1538307	2359753	3525048	5750095	
C	100	7	11	22	27	32	37	42	
C	100	61046	781193	1179459	1543004	2400049	3515867	5556023	
C	101	7	11	22	27	32	37	42	
C	101	64728	845352	1258444	1619518	2487087	3582063	5526977	
C	102	7	11	22	27	32	37	42	
C	102	65050	848017	1312513	1715908	2670970	3828246	5789995	
C	103	7	11	22	27	32	37	42	
C	103	65565	850854	1289431	1733146	2684491	3825710	5700224	
C	104	7	11	22	27	32	37	42	
C	104	64320	861183	1288013	1759421	2668898	3811344	5650171	
C	105	7	11	22	27	32	37	42	
C	105	69766	899095	1339634	1851478	2752653	3901205	5740345	
C	106	7	11	22	27	32	37	42	
C	106	71905	886364	1313926	1816555	2689103	3796888	5552703	
C	107	7	11	22	27	32	37	42	
C	107	75189	928706	1374982	1894868	2787023	3919050	5653346	
C	108	7	11	22	27	32	37	42	
C	108	83406	982660	1444016	1986244	2903519	4035356	5735920	
C	109	7	11	22	27	32	37	42	
C	109	84385	1005232	1445072	1993293	2793612	3849065	5439006	
C	110	7	11	22	27	32	37	42	
C	110	77925	995072	1463376	2039835	2869589	3935225	5533748	
C	111	7	11	22	27	32	37	42	
C	111	81628	1032480	1497354	2113012	2973458	4022720	5591976	
C	112	7	11	22	27	32	37	42	
C	112	76981	1008623	1443003	2075804	2848164	3877426	5383881	
C	113	7	11	22	27	32	37	42	
C	113	82694	1075044	1529423	2195143	2989874	4019290	5548228	
C	114	7	11	22	27	32	37	42	
C	114	85384	1114501	1577390	2255695	3055048	4059901	5557650	
C	115	7	11	22	27	32	37	42	
C	115	83757	1098546	1555613	2236423	3034479	4014170	5463625	
C	116	7	11	22	27	32	37	42	
C	116	85909	1120366	1585058	2276697	3099813	4090103	5540016	
C	117	7	11	22	27	32	37	42	
C	117	88102	1182661	1652486	2337617	3115518	4067661	5423779	
C	118	7	11	22	27	32	37	42	
C	118	87191	1173075	1674822	2373523	3193288	4126879	5456715	
C	119	7	11	22	27	32	37	42	
C	119	90385	1194205	1676128	2390744	3236336	4157293	5466571	
C	120	7	11	22	27	32	37	42	
C	120	95084	1254116	1753207	2486546	3347662	4298208	5594479	
C	121	7	11	22	27	32	37	42	
C	121	90733	1225803	1707295	2427662	3275495	4196743	5452313	
C	122	7	11	22	27	32	37	42	
C	122	92784	1258578	1757592	2483870	3367536	4268877	5484360	
C	123	7	11	22	27	32	37	42	
C	123	102525	1378874	1905207	2625191	3500003	4361358	5519722	
C	124	7	11	22	27	32	37	42	
C	124	98353	1323033	1858274	2575845	3449074	4279782	5367569	
C	125	7	11	22	27	32	37	42	
C	125	102173	1367134	1891013	2634405	3533241	4373138	5425182	
C	126	7	11	22	27	32	37	42	
C	126	106493	1410254	1935411	2668904	3553817	4375533	5377602	
C	127	7	11	22	27	32	37	42	
C	127	100165	1415746	1949673	2701844	3601125	4436294	5452265	
C	128	7	11	22	27	32	37	42	
C	128	102853	1466640	2018997	2767280	3690600	4487394	5464775	
C	129	7	11	22	27	32	37	42	
C	129	105430	1499612	2055471	2802689	3715167	4500463	5460251	
C	130	7	11	22	27	32	37	42	
C	130	105972	1520308	2076267	2825975	3730744	4505478	5427414	
C	131	7	11	22	27	32	37	42	
C	131	109801	1558414	2124391	2865719	3763882	4513933	5409583	
C	132	7	11	22	27	32	37	42	
C	132	116988	1634310	2211566	2956351	3864494	4613084	5498764	
C	133	7	11	22	27	32	37	42	
C	133	112714	1614537	2165027	2887770	3747668	4445972	5253798	
C	134	7	11	22	27	32	37	42	
C	134	113431	1598083	2162960	2888195	3751494	4433612	5209488	
C	135	7	11	22	27	32	37	42	
C	135	116532	1677719	2246411	2961466	3813476	4477482	5225621	
C	136	7	11	22	27	32	37	42	
C	136	116199	1754283	2352737	3107366	3994657	4679879	5433913	
C	137	7	11	22	27	32	37	42	
C	137	119539	1724562	2291599	3017043	3873551	4530741	5252151	
C	138	7	11	22	27	32	37	42	
C	138	123691	1758257	2336016	3073744	3944100	4603634	5328877	
C	139	7	11	22	27	32	37	42	
C	139	122165	1767216	2347302	3079516	3942108	4589700	5300858	
C	140	7	11	22	27	32	37	42	
C	140	124331	1811848	2406742	3160555	4039439	4687768	5386455	
C	141	7	11	22	27	32	37	42	
C	141	131508	1817132	2415222	3167266	4036663	4672772	5346147	
C	142	7	11	22	27	32	37	42	
C	142	135089	1786632	2368466	3086946	3920608	4529670	5171020	
C	143	7	11	22	27	32	37	42	
C	143	140361	1980727	2600816	3352168	4204096	4808823	5435168	
C	144	7	11	22	27	32	37	42	
C	144	146170	1959142	2588541	3318595	4139070	4715569	5304285	
C	145	7	11	22	27	32	37	42	
C	145	144497	1884685	2456289	3141355	3916770	4455753	4996575	
C	146	7	11	22	27	32	37	42	
C	146	144448	1962397	2552142	3273369	4074723	4618574	5156900	
C	147	7	11	22	27	32	37	42	
C	147	150778	2068200	2682171	3415184	4226327	4766660	5295530	
C	148	7	11	22	27	32	37	42	
C	148	147256	1978956	2562100	3248679	4010388	4516869	5005293	
C	149	7	11	22	27	32	37	42	
C	149	153889	2175186	2836863	3591265	4408619	4938291	5438230	
N	0	2	
N	0	46150	
N	1	2	
N	1	2419	
N	2	2	
N	2	1722	
N	3	2	
N	3	5859	
N	4	2	
N	4	6183	
N	5	2	
N	5	5847	
N	6	2	
N	6	6503	
N	7	2	
N	7	14105	
N	8	2	
N	8	11022	
N	9	2	
N	9	9770	
N	10	2	
N	10	9829	
N	11	2	
N	11	11023	
N	12	2	
N	12	11211	
N	13	2	
N	13	11211	
N	14	2	
N	14	12197	
N	15	2	
N	15	14551	
N	16	2	
N	16	12599	
N	17	2	
N	17	14861	
N	18	2	
N	18	15600	
N	19	2	
N	19	11992	
N	20	2	
N	20	13262	
N	21	2	
N	21	13560	
N	22	2	
N	22	13177	
N	23	2	
N	23	16323	
N	24	2	
N	24	10460	
N	25	2	
N	25	13430	
N	26	2	
N	26	12640	
N	27	2	
N	27	17902	
N	28	2	
N	28	16114	
N	29	2	
N	29	17534	
N	30	2	
N	30	18411	
N	31	2	
N	31	21248	
N	32	2	
N	32	23177	
N	33	2	
N	33	21177	
N	34	2	
N	34	24805	
N	35	2	
N	35	24677	
N	36	2	
N	36	20111	
N	37	2	
N	37	20999	
N	38	2	
N	38	16241	
N	39	2	
N	39	12897	
N	40	2	
N	40	14380	
N	41	2	
N	41	10062	
N	42	2	
N	42	8735	
N	43	2	
N	43	10136	
N	44	2	
N	44	14672	
N	45	2	
N	45	10660	
N	46	2	
N	46	12607	
N	47	2	
N	47	12859	
N	48	2	
N	48	11941	
N	49	2	
N	49	8848	
N	50	2	
N	50	6953	
N	51	2	
N	51	7435	
N	52	2	
N	52	10817	
N	53	2	
N	53	11387	
N	54	2	
N	54	9983	
N	55	2	
N	55	10396	
N	56	2	
N	56	12464	
N	57	2	
N	57	13143	
N	58	2	
N	58	9540	
N	59	2	
N	59	10996	
N	60	2	
N	60	11223	
N	61	2	
N	61	11354	
N	62	2	
N	62	11429	
N	63	2	
N	63	13682	
N	64	2	
N	64	14291	
N	65	2	
N	65	13141	
N	66	2	
N	66	16474	
N	67	2	
N	67	14485	
N	68	2	
N	68	16834	
N	69	2	
N	69	18386	
N	70	2	
N	70	18005	
N	71	2	
N	71	22129	
N	72	2	
N	72	26392	
N	73	2	
N	73	24574	
N	74	2	
N	74	28743	
N	75	2	
N	75	27276	
N	76	2	
N	76	30339	
N	77	2	
N	77	30929	
N	78	2	
N	78	29485	
N	79	2	
N	79	32313	
N	80	2	
N	80	32405	
N	81	2	
N	81	31174	
N	82	2	
N	82	28592	
N	83	2	
N	83	28379	
N	84	2	
N	84	31123	
N	85	2	
N	85	35378	
N	86	2	
N	86	31283	
N	87	2	
N	87	32244	
N	88	2	
N	88	34558	
N	89	2	
N	89	29862	
N	90	2	
N	90	33627	
N	91	2	
N	91	37221	
N	92	2	
N	92	42947	
N	93	2	
N	93	44858	
N	94	2	
N	94	43695	
N	95	2	
N	95	45335	
N	96	2	
N	96	38878	
N	97	2	
N	97	36381	
N	98	2	
N	98	32434	
N	99	2	
N	99	37116	
N	100	2	
N	100	35658	
N	101	2	
N	101	733077	
N	102	2	
N	102	35548	
N	103	2	
N	103	34401	
N	104	2	
N	104	32541	
N	105	2	
N	105	34592	
N	106	2	
N	106	35086	
N	107	2	
N	107	34039	
N	108	2	
N	108	31430	
N	109	2	
N	109	726325	
N	110	2	
N	110	28689	
N	111	2	
N	111	27537	
N	112	2	
N	112	24463	
N	113	2	
N	113	22169	
N	114	2	
N	114	22467	
N	115	2	
N	115	20843	
N	116	2	
N	116	21342	
N	117	2	
N	117	721855	
N	118	2	
N	118	22710	
N	119	2	
N	119	20089	
N	120	2	
N	120	12943	
N	121	2	
N	121	13261	
N	122	2	
N	122	16836	
N	123	2	
N	123	17731	
N	124	2	
N	124	21125	
N	125	2	
N	125	20178	
N	126	2	
N	126	949790	
N	127	2	
N	127	19067	
N	128	2	
N	128	21843	
N	129	2	
N	129	26880	
N	130	2	
N	130	23750	
N	131	2	
N	131	23514	
N	132	2	
N	132	26135	
N	133	2	
N	133	960249	
N	134	2	
N	134	1172689	
N	135	2	
N	135	1463793	
N	136	2	
N	136	27785	
N	137	2	
N	137	726555	
N	138	2	
N	138	958107	
N	139	2	
N	139	26759	
N	140	2	
N	140	25722	
N	141	2	
N	141	962302	
N	142	2	
N	142	960432	
N	143	2	
N	143	31131	
N	144	2	
N	144	964047	
N	145	2	
N	145	1702068	
N	146	2	
N	146	1012974	
N	147	2	
N	147	1010184	
N	148	2	
N	148	1469843	
N	149	2	
N	149	32707	
