.	0	2	12	27	32	
.	0	22289	124479	296665	7957851	
.	1	12	27	32	37	
.	1	66807	201130	7957815	7957851	
.	2	2	12	22	27	32	37	
.	2	85	76309	76335	219746	1196966	7957851	
.	3	12	22	27	32	37	
.	3	58656	67757	177051	564012	7957851	
.	4	12	22	27	32	37	41	
.	4	47224	64066	143982	389393	7957850	7957851	
.	5	2	12	22	27	32	37	41	
.	5	119	48752	65100	131895	328426	861649	7957851	
.	6	12	22	27	32	37	41	
.	6	37118	54720	113490	302204	774914	7957851	
.	7	12	22	27	32	37	41	
.	7	36018	55360	111574	282727	729481	7957851	
.	8	12	22	27	32	37	41	
.	8	46056	65567	121303	289264	714676	7957851	
.	9	12	22	27	32	37	41	
.	9	33685	53699	107030	280329	692055	7957851	
.	10	12	22	27	32	37	41	
.	10	32909	53887	107275	268251	677507	7957851	
.	11	12	22	27	32	37	41	
.	11	38741	64251	118939	280853	688646	7957851	
.	12	12	22	27	32	37	41	
.	12	50460	80661	139632	311187	744755	7957851	
.	13	12	22	27	32	37	41	
.	13	36031	70579	128058	295200	713336	7957851	
.	14	2	12	22	27	32	37	41	
.	14	65	49286	85454	143836	299304	717722	7957851	
.	15	12	22	27	32	37	41	
.	15	34750	73191	131085	296434	707435	7957851	
.	16	12	22	27	32	37	41	
.	16	35453	74389	133299	283137	700694	7957851	
.	17	12	22	27	32	37	41	
.	17	35761	74851	133649	282697	693779	7957851	
.	18	12	22	27	32	37	41	
.	18	35846	75151	135242	282959	690057	7957851	
.	19	12	22	27	32	37	41	
.	19	36890	77844	141910	291585	705648	7957851	
.	20	12	22	27	32	37	41	
.	20	37953	80130	147872	295738	718046	7957851	
.	21	12	22	27	32	37	41	
.	21	39097	81595	150712	296885	722406	7957851	
.	22	12	22	27	32	37	41	
.	22	40507	85707	161395	305287	738252	7957851	
.	23	12	22	27	32	37	41	
.	23	41389	87667	170725	309146	742885	7957851	
.	24	12	22	27	32	37	41	
.	24	40416	86469	169877	304080	741400	7957851	
.	25	12	22	27	32	37	41	
.	25	53739	100151	187615	316374	750774	7957851	
.	26	12	22	27	32	37	41	
.	26	57875	107352	196769	323559	760078	7957851	
.	27	12	22	27	32	37	41	
.	27	56439	106456	197542	325174	761589	7957851	
.	28	12	22	27	32	37	41	
.	28	57988	108993	199751	327227	765650	7957851	
.	29	12	22	27	32	37	41	
.	29	69978	123723	216676	349946	798082	7957851	
.	30	12	22	27	32	37	41	
.	30	63962	121398	222423	357403	815529	7957851	
.	31	12	22	27	32	37	41	
.	31	63806	118385	213609	347253	812395	7957851	
.	32	2	12	22	27	32	37	41	
.	32	39	64710	119951	215999	350387	813034	7957851	
.	33	12	22	27	32	37	41	
.	33	73733	128990	222819	357898	819232	7957851	
.	34	12	22	27	32	37	41	
.	34	63956	121733	223117	357363	820789	7957851	
.	35	12	22	27	32	37	41	
.	35	64507	119612	213712	346487	809349	7957851	
.	36	12	22	27	32	37	41	
.	36	65066	119849	214450	348144	809283	7957851	
.	37	12	22	27	32	37	41	
.	37	65806	121004	216059	349146	809555	7957851	
.	38	12	22	27	32	37	41	
.	38	80847	140472	240107	377059	848767	7957851	
.	39	12	22	27	32	37	41	
.	39	69251	128159	228682	364460	839550	7957851	
.	40	12	22	27	32	37	41	
.	40	70868	128892	228417	366223	847975	7957851	
.	41	12	22	27	32	37	41	
.	41	82200	144158	247116	388525	878223	7957851	
.	42	12	22	27	32	37	41	
.	42	100592	167501	276375	419160	917794	7957851	
.	43	12	22	27	32	37	41	
.	43	73810	138658	248743	391681	896727	7957851	
.	44	12	22	27	32	37	41	
.	44	73477	133533	234525	375521	875133	7957851	
.	45	12	22	27	32	37	41	
.	45	75765	136498	238590	380535	873908	7957851	
.	46	12	22	27	32	37	41	
.	46	77700	139306	242450	384927	878931	7957851	
.	47	12	22	27	32	37	41	
.	47	80978	144184	251375	396780	899302	7957851	
.	48	12	22	27	32	37	41	
.	48	81163	145156	252930	397967	908030	7957851	
.	49	12	22	27	32	37	41	
.	49	79723	142876	248449	391795	895389	7957851	
.	50	12	22	27	32	37	41	
.	50	83020	147268	255802	402151	912917	7957851	
.	51	12	22	27	32	37	41	
.	51	86617	152549	263281	410631	930850	7957851	
.	52	12	22	27	32	37	41	
.	52	86290	153689	265756	416216	940447	7957851	
.	53	12	22	27	32	37	41	
.	53	87292	154892	267954	421116	949379	7957851	
.	54	12	22	27	32	37	41	
.	54	90678	159019	272925	427793	956797	7957851	
.	55	12	22	27	32	37	41	
.	55	90744	160482	276141	433558	966893	7957851	
.	56	12	22	27	32	37	41	
.	56	103589	175219	292731	454643	987549	7957851	
.	57	12	22	27	32	37	41	
.	57	100548	174586	296668	462320	995996	7957851	
.	58	12	22	27	32	37	41	
.	58	93436	166866	288722	462105	993270	7957851	
.	59	12	22	27	32	37	41	
.	59	96521	168736	286856	463855	999847	7957851	
.	60	12	22	27	32	37	41	
.	60	127123	204657	327824	507868	1039731	7957851	
.	61	12	22	27	32	37	41	
.	61	99231	178190	308203	492175	1037069	7957851	
.	62	12	22	27	32	37	41	
.	62	100875	175714	298882	485724	1035992	7957851	
.	63	12	22	27	32	37	41	
.	63	101804	177092	299752	486336	1031689	7957851	
.	64	12	22	27	32	37	41	
.	64	102868	177694	300029	487667	1029113	7957851	
.	65	12	22	27	32	37	41	
.	65	104386	180631	304782	494583	1046110	7957851	
.	66	2	12	22	27	32	37	41	
.	66	2	118768	198147	324919	514608	1067872	7957851	
.	67	12	22	27	32	37	41	
.	67	107061	186217	315297	507731	1061405	7957851	
.	68	12	22	27	32	37	41	
.	68	118825	199128	326467	519404	1076278	7957851	
.	69	12	22	27	32	37	41	
.	69	112717	194132	325356	520205	1082933	7957851	
.	70	12	22	27	32	37	41	
.	70	129808	213254	344403	543153	1107043	7957851	
.	71	12	22	27	32	37	41	
.	71	114633	199886	336499	538679	1099268	7957851	
.	72	12	22	27	32	37	41	
.	72	131345	216056	349925	555306	1123141	7957851	
.	73	12	22	27	32	37	41	
.	73	120379	207020	345124	556235	1129283	7957851	
.	74	12	22	27	32	37	41	
.	74	123067	208440	343926	550858	1142547	7957851	
.	75	12	22	27	32	37	41	
.	75	127373	264461	424764	816055	1876136	7957851	
.	76	12	22	27	32	37	41	
.	76	124100	229793	374778	666200	1426066	7957851	
.	77	12	22	27	32	37	41	
.	77	121872	217250	352662	601354	1245751	7957851	
.	78	12	22	27	32	37	41	
.	78	128634	222747	354105	586597	1183893	7957851	
.	79	12	22	27	32	37	41	
.	79	120691	215699	346729	575019	1152538	7957851	
.	80	12	22	27	32	37	41	
.	80	118708	214030	336345	559462	1132624	7957851	
.	81	12	22	27	32	37	41	
.	81	122750	220054	341912	564090	1133949	7957851	
.	82	12	22	27	32	37	41	
.	82	124129	227500	342403	562429	1124898	7957851	
.	83	12	22	27	32	37	41	
.	83	124601	230124	346042	568215	1138348	7957851	
.	84	12	22	27	32	37	41	
.	84	128762	237675	356136	584021	1168297	7957851	
.	85	12	22	27	32	37	41	
.	85	133762	245803	364121	593008	1182171	7957851	
.	86	12	22	27	32	37	41	
.	86	134986	249178	368822	601169	1199175	7957851	
.	87	2	12	22	27	32	37	41	
.	87	14	148648	266688	390012	625632	1228288	7957851	
.	88	12	22	27	32	37	41	
.	88	135950	257071	381577	620936	1229182	7957851	
.	89	2	12	22	27	32	37	41	
.	89	44	138859	256697	378135	617188	1231454	7957851	
.	90	12	22	27	32	37	41	
.	90	142097	260868	383759	623773	1241579	7957851	
.	91	12	22	27	32	37	41	
.	91	143871	263621	387896	629225	1250458	7957851	
.	92	12	22	27	32	37	41	
.	92	148650	270850	396560	639847	1265564	7957851	
.	93	12	22	27	32	37	41	
.	93	156828	282511	411036	659337	1294594	7957851	
.	94	2	12	22	27	32	37	41	
.	94	64	150870	277481	406873	655122	1291653	7957851	
.	95	12	22	27	32	37	41	
.	95	154670	281517	410966	662839	1308884	7957851	
.	96	2	12	22	27	32	37	41	
.	96	22	156461	284464	414672	667895	1317603	7957851	
.	97	12	22	27	32	37	41	
.	97	164509	295684	429148	689123	1348657	7957851	
.	98	12	22	27	32	37	41	
.	98	187812	327033	465036	730215	1394460	7957851	
.	99	12	22	27	32	37	41	
.	99	164256	304181	443945	714815	1388654	7957851	
.	100	12	22	27	32	37	41	
.	100	167110	302125	439278	709346	1391620	7957851	
.	101	2	12	22	27	32	37	41	
.	101	38	168342	303838	441229	711500	1390758	7957851	
.	102	12	22	27	32	37	41	
.	102	178741	318016	457613	730868	1411113	7957851	
.	103	12	22	27	32	37	41	
.	103	174994	317553	461148	741862	1435694	7957851	
.	104	12	22	27	32	37	41	
.	104	183050	328664	473490	761499	1465223	7957851	
.	105	12	22	27	32	37	41	
.	105	183149	329078	474085	765373	1468766	7957851	
.	106	12	22	27	32	37	41	
.	106	187203	333268	478647	771630	1476768	7957851	
.	107	12	22	27	32	37	41	
.	107	189896	337996	485897	784437	1488418	7957851	
.	108	12	22	27	32	37	41	
.	108	217295	374710	528653	834978	1557269	7957851	
.	109	12	22	27	32	37	41	
.	109	209975	374164	532198	844684	1584036	7957851	
.	110	2	12	22	27	32	37	41	
.	110	79	198226	361286	520320	836674	1587906	7957851	
.	111	12	22	27	32	37	41	
.	111	212167	373928	532647	851016	1613725	7957851	
.	112	12	22	27	32	37	41	
.	112	206702	370931	529360	847803	1620205	7957851	
.	113	12	22	27	32	37	41	
.	113	227020	399856	568888	903617	1709666	7957851	
.	114	12	22	27	32	37	41	
.	114	245723	423258	590795	924125	1739422	7957851	
.	115	12	22	27	32	37	41	
.	115	248590	437798	612090	953694	1795687	7957851	
.	116	12	22	27	32	37	41	
.	116	223609	411709	584767	931971	1810816	7957851	
.	117	12	22	27	32	37	41	
.	117	227724	408942	580544	927608	1829519	7957851	
.	118	12	22	27	32	37	41	
.	118	241816	426102	596221	939583	1868393	7957851	
.	119	12	22	27	32	37	41	
.	119	252796	447823	622512	970377	1942889	7957851	
.	120	12	22	27	32	37	41	
.	120	244137	443875	620195	972967	1976098	7957851	
.	121	2	12	22	27	32	37	41	
.	121	52	242578	438431	620375	971577	1999794	7957851	
.	122	12	22	27	32	37	41	
.	122	246370	439703	624697	974452	2031953	7957851	
.	123	12	22	27	32	37	41	
.	123	251136	446277	639901	983869	2053419	7957851	
.	124	12	22	27	32	37	41	
.	124	314127	526999	735019	1086517	2170274	7957851	
.	125	12	22	27	32	37	41	
.	125	269216	499703	705733	1071498	2195045	7957851	
.	126	12	22	27	32	37	41	
.	126	276360	483943	696113	1058520	2210914	7957851	
.	127	12	22	27	32	37	41	
.	127	284187	493984	716510	1074064	2236994	7957851	
.	128	2	8	12	22	27	32	37	41	
.	128	24	1407	294875	503865	734609	1091388	2270182	7957851	
.	129	8	12	22	27	32	37	41	
.	129	2754	335774	549915	787126	1149778	2336228	7957851	
.	130	2	8	12	22	27	32	37	41	
.	130	13	3140	317233	537505	779726	1147422	2362825	7957851	
.	131	8	12	22	27	32	37	41	
.	131	4205	329904	535749	781955	1149639	2390233	7957851	
.	132	8	12	22	27	32	37	41	
.	132	3200	353763	553414	800212	1166061	2416058	7957851	
.	133	8	12	22	27	32	37	41	
.	133	7403	366896	569376	817159	1192156	2446322	7957851	
.	134	2	8	12	22	27	32	37	41	
.	134	139	10660	377563	580335	830281	1219727	2487620	7957851	
.	135	8	12	22	27	32	37	41	
.	135	15202	372252	580857	836700	1250494	2538750	7957851	
.	136	8	12	22	27	32	37	41	
.	136	25190	384025	586738	839580	1271397	2553464	7957851	
.	137	8	12	22	27	32	37	41	
.	137	37721	400627	599537	850391	1306205	2574162	7957851	
.	138	8	12	22	27	32	37	41	
.	138	47468	419321	623112	872740	1349198	2603445	7957851	
.	139	8	12	22	27	32	37	41	
.	139	50251	425334	633927	889094	1378949	2638123	7957851	
.	140	8	12	22	27	32	37	41	
.	140	63183	441272	656258	916055	1441813	2683557	7957851	
.	141	8	12	22	27	32	37	41	
.	141	78371	442025	665327	926530	1485281	2716111	7957851	
.	142	8	12	22	27	32	37	41	
.	142	91663	445555	669983	932909	1522112	2743133	7957851	
.	143	8	12	22	27	32	37	41	
.	143	107027	473636	705495	978548	1598502	2811141	7957851	
.	144	8	12	22	27	32	37	41	
.	144	119268	486118	733364	1002545	1659387	2888983	7957851	
.	145	8	12	22	27	32	37	41	
.	145	127448	490843	742266	1032117	1712328	2914835	7957851	
.	146	8	12	22	27	32	37	41	
.	146	127469	511963	775731	1097997	1783041	2942245	7957851	
.	147	8	12	22	27	32	37	41	
.	147	133638	523655	795883	1124105	1825238	3006168	7957851	
.	148	8	12	22	27	32	37	41	
.	148	139318	551420	841819	1192833	1916129	3085419	7957851	
.	149	8	12	22	27	32	37	41	
.	149	147593	544701	839539	1199352	1940437	3109172	7957851	
A	0	12	27	32	
A	0	23739	67880	2231298	
A	1	12	27	32	37	
A	1	15510	48535	2192781	2192792	
A	2	12	22	27	32	37	
A	2	21763	21769	62809	327585	2124168	
A	3	12	22	27	32	37	
A	3	16688	19292	49142	152425	2061394	
A	4	12	22	27	32	37	41	
A	4	14398	19422	41380	105850	2082922	2082923	
A	5	12	22	27	32	37	41	
A	5	14890	19205	37988	86117	232237	2067465	
A	6	12	22	27	32	37	41	
A	6	10885	15735	31842	77564	206574	2076447	
A	7	12	22	27	32	37	41	
A	7	10105	15379	30439	71946	191730	2071606	
A	8	12	22	27	32	37	41	
A	8	13993	19489	34995	76342	190027	2070195	
A	9	12	22	27	32	37	41	
A	9	9167	14267	28636	69814	177781	2095757	
A	10	12	22	27	32	37	41	
A	10	9236	14831	29803	69886	178803	2094629	
A	11	12	22	27	32	37	41	
A	11	10415	16810	31354	69670	177149	2085694	
A	12	12	22	27	32	37	41	
A	12	14791	22916	39480	82948	203066	2092834	
A	13	12	22	27	32	37	41	
A	13	10551	19815	35666	77161	192253	2084662	
A	14	12	22	27	32	37	41	
A	14	15077	24719	40708	78670	194236	2080846	
A	15	12	22	27	32	37	41	
A	15	10031	20245	35991	77024	189814	2067117	
A	16	12	22	27	32	37	41	
A	16	10108	20311	35849	72119	185347	2070918	
A	17	12	22	27	32	37	41	
A	17	10306	20653	36501	72752	185597	2059622	
A	18	12	22	27	32	37	41	
A	18	10034	20180	35793	71011	180014	2066553	
A	19	12	22	27	32	37	41	
A	19	10519	20799	37288	72901	185128	2067484	
A	20	12	22	27	32	37	41	
A	20	10778	21796	39761	76271	192138	2065385	
A	21	12	22	27	32	37	41	
A	21	11128	21997	40029	75634	192471	2065653	
A	22	12	22	27	32	37	41	
A	22	11874	23621	43959	80273	200710	2065635	
A	23	12	22	27	32	37	41	
A	23	12490	24705	46917	81855	201037	2058067	
A	24	12	22	27	32	37	41	
A	24	11535	22934	44345	77565	198738	2064466	
A	25	12	22	27	32	37	41	
A	25	15395	26871	49607	82031	201405	2062632	
A	26	12	22	27	32	37	41	
A	26	16566	28694	51969	83509	204324	2058347	
A	27	12	22	27	32	37	41	
A	27	16375	28753	53000	85263	206015	2067689	
A	28	12	22	27	32	37	41	
A	28	16000	27998	51066	82211	200425	2064598	
A	29	12	22	27	32	37	41	
A	29	20529	33862	58496	92680	217315	2060132	
A	30	12	22	27	32	37	41	
A	30	19523	33904	61518	96403	225673	2061746	
A	31	12	22	27	32	37	41	
A	31	18943	32761	58426	92899	222553	2065942	
A	32	12	22	27	32	37	41	
A	32	18817	32703	58206	92215	221510	2062440	
A	33	12	22	27	32	37	41	
A	33	21195	34501	58853	92304	219838	2065434	
A	34	12	22	27	32	37	41	
A	34	18003	31519	57811	90768	217658	2055963	
A	35	12	22	27	32	37	41	
A	35	18010	31352	55880	88641	215649	2054157	
A	36	12	22	27	32	37	41	
A	36	18044	31098	55292	88112	212712	2060586	
A	37	12	22	27	32	37	41	
A	37	18407	31829	56443	89691	215921	2059715	
A	38	12	22	27	32	37	41	
A	38	23855	38501	64601	99263	230581	2054491	
A	39	12	22	27	32	37	41	
A	39	19396	33504	60240	94667	226082	2056753	
A	40	12	22	27	32	37	41	
A	40	20205	34606	60917	96193	230810	2058347	
A	41	12	22	27	32	37	41	
A	41	23223	38286	65527	101594	237854	2049645	
A	42	12	22	27	32	37	41	
A	42	29701	46140	75391	111625	250368	2055166	
A	43	12	22	27	32	37	41	
A	43	20567	35687	65048	100725	239711	2055297	
A	44	12	22	27	32	37	41	
A	44	20363	34832	61143	96959	235170	2045358	
A	45	12	22	27	32	37	41	
A	45	21220	35908	62999	99225	237704	2047975	
A	46	12	22	27	32	37	41	
A	46	21901	37216	64902	101660	240590	2053242	
A	47	12	22	27	32	37	41	
A	47	22897	38617	67178	104728	245936	2045865	
A	48	12	22	27	32	37	41	
A	48	22546	38541	67274	104474	247806	2052429	
A	49	12	22	27	32	37	41	
A	49	21949	37363	64973	101729	242497	2052844	
A	50	12	22	27	32	37	41	
A	50	23322	39121	67938	105617	248600	2046905	
A	51	12	22	27	32	37	41	
A	51	23974	40090	69492	107646	255136	2051415	
A	52	12	22	27	32	37	41	
A	52	23770	39948	69170	107660	255208	2053597	
A	53	12	22	27	32	37	41	
A	53	24661	41576	71974	112210	263129	2049305	
A	54	12	22	27	32	37	41	
A	54	25110	41881	71900	111647	261439	2051239	
A	55	12	22	27	32	37	41	
A	55	24921	42212	72689	112933	263986	2049014	
A	56	12	22	27	32	37	41	
A	56	29975	47991	79509	121506	273287	2047171	
A	57	12	22	27	32	37	41	
A	57	27767	45579	77803	120027	271866	2051620	
A	58	12	22	27	32	37	41	
A	58	25495	42979	75107	118283	269180	2046992	
A	59	12	22	27	32	37	41	
A	59	26427	43933	74899	119077	271984	2046374	
A	60	12	22	27	32	37	41	
A	60	37186	56263	89228	133736	285404	2056387	
A	61	12	22	27	32	37	41	
A	61	26702	45155	79374	123728	277482	2051188	
A	62	12	22	27	32	37	41	
A	62	27105	44868	76829	121954	278388	2046373	
A	63	12	22	27	32	37	41	
A	63	27722	45695	77291	122951	278105	2053627	
A	64	12	22	27	32	37	41	
A	64	27587	45190	76766	122299	275036	2049225	
A	65	12	22	27	32	37	41	
A	65	27903	45832	77792	123743	280541	2047464	
A	66	12	22	27	32	37	41	
A	66	32291	51396	84552	131111	289203	2047030	
A	67	12	22	27	32	37	41	
A	67	28842	47769	81954	129505	289010	2049446	
A	68	12	22	27	32	37	41	
A	68	32198	51462	84892	132510	292376	2044543	
A	69	12	22	27	32	37	41	
A	69	30170	49460	84383	132772	295610	2049330	
A	70	12	22	27	32	37	41	
A	70	35870	56146	91197	140823	304888	2051959	
A	71	12	22	27	32	37	41	
A	71	30640	50873	87407	137588	299068	2046153	
A	72	12	22	27	32	37	41	
A	72	36738	57283	93461	144973	309107	2050690	
A	73	12	22	27	32	37	41	
A	73	32606	53143	90789	143935	309744	2052363	
A	74	12	22	27	32	37	41	
A	74	33422	54075	90329	142735	315992	2049225	
A	75	12	22	27	32	37	41	
A	75	34231	63996	107084	195932	463058	2049378	
A	76	12	22	27	32	37	41	
A	76	33782	59097	98293	171880	392143	2053996	
A	77	12	22	27	32	37	41	
A	77	32178	54759	91014	153093	341626	2048498	
A	78	12	22	27	32	37	41	
A	78	33753	55821	90744	148322	322256	2050252	
A	79	12	22	27	32	37	41	
A	79	31310	53447	88059	144984	311513	2048755	
A	80	12	22	27	32	37	41	
A	80	30734	53346	85839	140838	305168	2048933	
A	81	12	22	27	32	37	41	
A	81	31848	54616	87140	142157	306750	2051274	
A	82	12	22	27	32	37	41	
A	82	32155	56374	87168	141693	304274	2050812	
A	83	12	22	27	32	37	41	
A	83	32385	56993	87842	142514	306590	2044110	
A	84	12	22	27	32	37	41	
A	84	33538	59568	91478	148337	317658	2047270	
A	85	12	22	27	32	37	41	
A	85	34659	61347	93342	150655	322228	2050732	
A	86	12	22	27	32	37	41	
A	86	35464	62480	95297	153725	328037	2048868	
A	87	12	22	27	32	37	41	
A	87	38874	66455	99636	157788	332645	2048209	
A	88	12	22	27	32	37	41	
A	88	35338	63985	98481	158567	336261	2054275	
A	89	12	22	27	32	37	41	
A	89	36477	64438	97494	157367	335905	2046795	
A	90	12	22	27	32	37	41	
A	90	36475	64328	97579	157593	337232	2050894	
A	91	12	22	27	32	37	41	
A	91	37070	65422	99618	160472	340842	2048586	
A	92	12	22	27	32	37	41	
A	92	38282	67254	101344	162526	343639	2052771	
A	93	12	22	27	32	37	41	
A	93	40252	69846	104743	166702	351524	2047188	
A	94	12	22	27	32	37	41	
A	94	39014	69235	104856	167381	353197	2054386	
A	95	12	22	27	32	37	41	
A	95	40215	70476	106319	169617	358299	2047584	
A	96	12	22	27	32	37	41	
A	96	40859	71341	107348	171533	361870	2050313	
A	97	12	22	27	32	37	41	
A	97	43145	74396	111561	177855	370902	2053105	
A	98	12	22	27	32	37	41	
A	98	51221	85378	124178	192205	386097	2053779	
A	99	12	22	27	32	37	41	
A	99	43557	77211	116328	185165	381498	2049051	
A	100	12	22	27	32	37	41	
A	100	44172	77042	115437	184944	384766	2054019	
A	101	12	22	27	32	37	41	
A	101	44449	77075	115335	185133	383956	2048884	
A	102	12	22	27	32	37	41	
A	102	47204	80938	119894	190693	390116	2054543	
A	103	12	22	27	32	37	41	
A	103	45971	80532	120525	193678	396589	2054316	
A	104	12	22	27	32	37	41	
A	104	47971	83312	123957	199272	405109	2056081	
A	105	12	22	27	32	37	41	
A	105	48532	84020	124656	201202	406781	2057229	
A	106	12	22	27	32	37	41	
A	106	49537	85047	126323	203919	409984	2058236	
A	107	12	22	27	32	37	41	
A	107	50108	86333	128054	208003	415048	2058959	
A	108	12	22	27	32	37	41	
A	108	59070	97872	141922	223515	434544	2054470	
A	109	12	22	27	32	37	41	
A	109	55312	94494	139089	221663	436448	2058430	
A	110	12	22	27	32	37	41	
A	110	52316	91979	137464	221554	440084	2056803	
A	111	12	22	27	32	37	41	
A	111	55261	94708	139680	223825	444554	2061346	
A	112	12	22	27	32	37	41	
A	112	54176	94006	138576	223179	445432	2062139	
A	113	12	22	27	32	37	41	
A	113	59782	102232	150506	240041	473269	2057691	
A	114	12	22	27	32	37	41	
A	114	65626	108949	157144	245119	479714	2059867	
A	115	12	22	27	32	37	41	
A	115	66264	112740	163030	254021	496760	2060483	
A	116	12	22	27	32	37	41	
A	116	59613	105880	156038	248537	499613	2060657	
A	117	12	22	27	32	37	41	
A	117	60183	104780	154526	247008	504658	2059796	
A	118	12	22	27	32	37	41	
A	118	63683	108675	157476	248816	509673	2056813	
A	119	12	22	27	32	37	41	
A	119	67238	115624	166141	258737	531600	2062322	
A	120	12	22	27	32	37	41	
A	120	64332	113523	164253	258497	538710	2064587	
A	121	12	22	27	32	37	41	
A	121	64182	112601	164546	258113	544760	2066600	
A	122	12	22	27	32	37	41	
A	122	65383	113424	166561	260199	554774	2062674	
A	123	12	22	27	32	37	41	
A	123	66558	114871	170637	263762	563614	2070646	
A	124	12	22	27	32	37	41	
A	124	85482	139089	198396	293916	597864	2073738	
A	125	12	22	27	32	37	41	
A	125	71882	130416	189149	288193	603464	2069331	
A	126	12	22	27	32	37	41	
A	126	73111	125078	185220	283069	606961	2068060	
A	127	12	22	27	32	37	41	
A	127	75215	127989	191724	289542	616989	2070204	
A	128	8	12	22	27	32	37	41	
A	128	233	77640	130773	196435	294097	628388	2068587	
A	129	8	12	22	27	32	37	41	
A	129	464	89982	144367	211547	311207	646976	2072495	
A	130	8	12	22	27	32	37	41	
A	130	519	83297	139640	207886	307830	651654	2074095	
A	131	8	12	22	27	32	37	41	
A	131	653	85928	138749	207889	308460	660026	2073675	
A	132	8	12	22	27	32	37	41	
A	132	445	90924	142708	212518	313288	669674	2075339	
A	133	8	12	22	27	32	37	41	
A	133	1207	95960	148921	219521	322927	681367	2077972	
A	134	8	12	22	27	32	37	41	
A	134	1789	98490	152586	223952	331669	695707	2077983	
A	135	8	12	22	27	32	37	41	
A	135	2728	97122	152745	226300	341318	710322	2079182	
A	136	8	12	22	27	32	37	41	
A	136	4584	99818	154002	226580	347782	714876	2075471	
A	137	8	12	22	27	32	37	41	
A	137	6538	103584	157490	230199	359152	722418	2076618	
A	138	8	12	22	27	32	37	41	
A	138	8238	108392	163421	235256	369545	728191	2079553	
A	139	8	12	22	27	32	37	41	
A	139	8720	109035	166283	240319	378232	737377	2083154	
A	140	8	12	22	27	32	37	41	
A	140	11118	115288	174150	249665	399020	754050	2085064	
A	141	8	12	22	27	32	37	41	
A	141	13813	114438	175832	251824	411064	762269	2085030	
A	142	8	12	22	27	32	37	41	
A	142	16924	116214	178759	255451	425317	774668	2091174	
A	143	8	12	22	27	32	37	41	
A	143	19751	124457	189254	269852	448644	795538	2090752	
A	144	8	12	22	27	32	37	41	
A	144	21835	127901	197287	276662	467132	817429	2089562	
A	145	8	12	22	27	32	37	41	
A	145	23364	129593	200594	285760	482281	824092	2090451	
A	146	8	12	22	27	32	37	41	
A	146	23738	136731	211474	306652	504385	833693	2090124	
A	147	8	12	22	27	32	37	41	
A	147	24264	137737	214347	310762	512900	849333	2094721	
A	148	8	12	22	27	32	37	41	
A	148	25370	146392	228725	331619	539203	869782	2096247	
A	149	8	12	22	27	32	37	41	
A	149	26908	144106	227687	332656	543458	873468	2094257	
T	0	12	27	32	
T	0	31992	83865	2078220	
T	1	12	27	32	37	
T	1	18836	56915	2038215	2038222	
T	2	12	22	27	32	37	
T	2	28784	28793	76121	364970	2041696	
T	3	12	22	27	32	37	
T	3	19555	22578	55939	168559	2042603	
T	4	12	22	27	32	37	
T	4	15211	20721	44627	116496	2062294	
T	5	12	22	27	32	37	41	
T	5	14638	19668	40073	94276	246451	2053092	
T	6	12	22	27	32	37	41	
T	6	13567	19216	38504	92705	232581	2063902	
T	7	12	22	27	32	37	41	
T	7	13661	19938	38809	89328	223409	2091696	
T	8	12	22	27	32	37	41	
T	8	14954	21012	39561	88381	216474	2092676	
T	9	12	22	27	32	37	41	
T	9	12288	18386	35838	85738	207844	2088898	
T	10	12	22	27	32	37	41	
T	10	11658	17944	35229	81309	201897	2095458	
T	11	12	22	27	32	37	41	
T	11	13401	21181	38584	84960	205720	2104080	
T	12	12	22	27	32	37	41	
T	12	15695	24700	43037	90838	218708	2105592	
T	13	12	22	27	32	37	41	
T	13	12630	23529	40681	88062	212391	2111801	
T	14	12	22	27	32	37	41	
T	14	14617	25777	42723	85870	209498	2106733	
T	15	12	22	27	32	37	41	
T	15	12226	24010	40500	86333	208823	2109724	
T	16	12	22	27	32	37	41	
T	16	12443	24415	41284	83365	206881	2112530	
T	17	12	22	27	32	37	41	
T	17	12519	24598	41534	83639	207312	2109437	
T	18	12	22	27	32	37	41	
T	18	12619	24863	42328	83955	206238	2102596	
T	19	12	22	27	32	37	41	
T	19	12596	25554	44360	86344	209974	2101216	
T	20	12	22	27	32	37	41	
T	20	13259	26395	46143	87693	214749	2097941	
T	21	12	22	27	32	37	41	
T	21	13259	26148	45857	86115	211911	2093219	
T	22	12	22	27	32	37	41	
T	22	13951	27412	49377	89789	219273	2092953	
T	23	12	22	27	32	37	41	
T	23	14336	28265	52784	91364	222356	2090415	
T	24	12	22	27	32	37	41	
T	24	14012	27897	52577	90024	220685	2091814	
T	25	12	22	27	32	37	41	
T	25	18306	32249	58071	94196	223316	2089910	
T	26	12	22	27	32	37	41	
T	26	19054	33282	59054	93752	222070	2083474	
T	27	12	22	27	32	37	41	
T	27	18592	32597	59151	94018	222778	2077381	
T	28	12	22	27	32	37	41	
T	28	19377	33762	60165	95304	224254	2085620	
T	29	12	22	27	32	37	41	
T	29	21746	36977	64067	100761	233075	2082131	
T	30	12	22	27	32	37	41	
T	30	21123	36970	66811	103808	238556	2080999	
T	31	12	22	27	32	37	41	
T	31	21405	37122	65350	102372	240196	2079511	
T	32	12	22	27	32	37	41	
T	32	21960	38200	66800	104562	241553	2075572	
T	33	12	22	27	32	37	41	
T	33	22824	38386	66299	103187	239811	2076361	
T	34	12	22	27	32	37	41	
T	34	21475	37856	68197	105415	242231	2078167	
T	35	12	22	27	32	37	41	
T	35	21097	36735	63916	99801	234356	2078222	
T	36	12	22	27	32	37	41	
T	36	21556	37095	64913	101867	237500	2075915	
T	37	12	22	27	32	37	41	
T	37	21123	36571	63869	100158	234061	2072563	
T	38	12	22	27	32	37	41	
T	38	24109	40292	68782	106002	243144	2067303	
T	39	12	22	27	32	37	41	
T	39	22685	38987	68680	105597	244682	2076255	
T	40	12	22	27	32	37	41	
T	40	22849	38921	67999	105698	246583	2067860	
T	41	12	22	27	32	37	41	
T	41	26154	43236	73231	111992	255470	2065758	
T	42	12	22	27	32	37	41	
T	42	29925	47916	79604	117888	262990	2066790	
T	43	12	22	27	32	37	41	
T	43	24216	41575	73894	112624	260731	2066379	
T	44	12	22	27	32	37	41	
T	44	24220	41071	70662	108932	253262	2067855	
T	45	12	22	27	32	37	41	
T	45	24594	41762	71681	110961	255498	2067635	
T	46	12	22	27	32	37	41	
T	46	25273	42500	73100	112690	257606	2062409	
T	47	12	22	27	32	37	41	
T	47	26436	44324	75844	116252	263489	2063938	
T	48	12	22	27	32	37	41	
T	48	26370	44344	75879	115920	264785	2060360	
T	49	12	22	27	32	37	41	
T	49	25695	43234	73902	112791	258115	2062726	
T	50	12	22	27	32	37	41	
T	50	26746	44623	76186	116611	265627	2066655	
T	51	12	22	27	32	37	41	
T	51	27936	46542	78585	119174	270680	2062531	
T	52	12	22	27	32	37	41	
T	52	27956	46763	79078	120311	271751	2064217	
T	53	12	22	27	32	37	41	
T	53	28401	47433	80008	122515	276411	2062506	
T	54	12	22	27	32	37	41	
T	54	29097	48256	80909	123090	276381	2061352	
T	55	12	22	27	32	37	41	
T	55	29348	48721	82267	125778	281410	2064466	
T	56	12	22	27	32	37	41	
T	56	31544	51398	85359	129618	285884	2061935	
T	57	12	22	27	32	37	41	
T	57	31238	51185	86339	130467	285679	2061116	
T	58	12	22	27	32	37	41	
T	58	29926	49983	85193	130990	285040	2067991	
T	59	12	22	27	32	37	41	
T	59	31401	51950	86214	134033	291400	2063442	
T	60	12	22	27	32	37	41	
T	60	34714	55052	89998	137832	293651	2051765	
T	61	12	22	27	32	37	41	
T	61	32076	53412	92015	141366	302414	2064646	
T	62	12	22	27	32	37	41	
T	62	33031	54236	90561	140645	303382	2062236	
T	63	12	22	27	32	37	41	
T	63	32790	53968	90146	140254	300996	2058828	
T	64	12	22	27	32	37	41	
T	64	33569	54557	90664	140951	300466	2056154	
T	65	12	22	27	32	37	41	
T	65	33671	55239	91873	143577	306273	2057188	
T	66	12	22	27	32	37	41	
T	66	36317	57777	94393	145285	307980	2054743	
T	67	12	22	27	32	37	41	
T	67	33966	55515	93306	144356	306196	2059605	
T	68	12	22	27	32	37	41	
T	68	36233	58083	95056	146787	309782	2056395	
T	69	12	22	27	32	37	41	
T	69	35652	57884	95841	147658	312071	2057900	
T	70	12	22	27	32	37	41	
T	70	38551	61011	98581	151463	315260	2051757	
T	71	12	22	27	32	37	41	
T	71	36669	59394	99630	153876	317880	2056126	
T	72	12	22	27	32	37	41	
T	72	39397	62598	100966	156425	322846	2057314	
T	73	12	22	27	32	37	41	
T	73	38206	61844	102124	159230	326945	2058668	
T	74	12	22	27	32	37	41	
T	74	39250	63124	102815	158549	331842	2059542	
T	75	12	22	27	32	37	41	
T	75	41396	74868	120178	212933	490053	2057421	
T	76	12	22	27	32	37	41	
T	76	39931	68246	110446	187212	402364	2057469	
T	77	12	22	27	32	37	41	
T	77	39641	65858	105288	172210	357169	2059424	
T	78	12	22	27	32	37	41	
T	78	40062	65739	103496	166583	340018	2055852	
T	79	12	22	27	32	37	41	
T	79	38551	64616	102795	164894	334927	2055401	
T	80	12	22	27	32	37	41	
T	80	38626	65276	101128	162497	331421	2058566	
T	81	12	22	27	32	37	41	
T	81	39159	66457	102150	163310	329954	2053972	
T	82	12	22	27	32	37	41	
T	82	39448	68800	102346	162617	327628	2059029	
T	83	12	22	27	32	37	41	
T	83	40002	69813	103648	165089	333699	2058578	
T	84	12	22	27	32	37	41	
T	84	40431	70337	104582	167212	337894	2055116	
T	85	12	22	27	32	37	41	
T	85	42054	72990	107579	170099	342598	2057002	
T	86	12	22	27	32	37	41	
T	86	41860	73251	107642	171066	346213	2054665	
T	87	12	22	27	32	37	41	
T	87	44489	76317	111612	176037	350958	2047377	
T	88	12	22	27	32	37	41	
T	88	42808	75863	111961	177247	355324	2049818	
T	89	12	22	27	32	37	41	
T	89	43223	75743	110926	176167	355836	2050707	
T	90	12	22	27	32	37	41	
T	90	44332	77224	113187	179092	359936	2050726	
T	91	12	22	27	32	37	41	
T	91	45189	78442	114536	180734	362885	2051848	
T	92	12	22	27	32	37	41	
T	92	46797	80845	117610	183909	368262	2053759	
T	93	12	22	27	32	37	41	
T	93	48309	82978	120305	188367	373949	2046229	
T	94	12	22	27	32	37	41	
T	94	47646	82405	120439	188520	374937	2052539	
T	95	12	22	27	32	37	41	
T	95	49118	84711	122436	192029	381565	2047975	
T	96	12	22	27	32	37	41	
T	96	49785	85786	123692	193582	383808	2052678	
T	97	12	22	27	32	37	41	
T	97	51221	87697	127109	198302	391466	2050230	
T	98	12	22	27	32	37	41	
T	98	54911	92446	132426	204950	398931	2049726	
T	99	12	22	27	32	37	41	
T	99	51424	89423	129931	203754	398993	2049644	
T	100	12	22	27	32	37	41	
T	100	52448	90087	129983	204070	402502	2052091	
T	101	12	22	27	32	37	41	
T	101	52284	89822	129777	203653	401124	2051314	
T	102	12	22	27	32	37	41	
T	102	54294	92227	132368	207120	403163	2046937	
T	103	12	22	27	32	37	41	
T	103	54794	93972	135924	213725	413964	2049068	
T	104	12	22	27	32	37	41	
T	104	57211	97651	139580	219911	422739	2049396	
T	105	12	22	27	32	37	41	
T	105	56715	96784	138636	219764	421762	2045933	
T	106	12	22	27	32	37	41	
T	106	58010	98461	140198	221773	422745	2050149	
T	107	12	22	27	32	37	41	
T	107	58560	99090	142031	225415	426005	2045023	
T	108	12	22	27	32	37	41	
T	108	63058	104601	148618	233169	437370	2041772	
T	109	12	22	27	32	37	41	
T	109	61619	105001	150235	236160	444563	2043296	
T	110	12	22	27	32	37	41	
T	110	60038	103673	149482	236807	449216	2041014	
T	111	12	22	27	32	37	41	
T	111	64232	108075	154215	242774	458630	2041831	
T	112	12	22	27	32	37	41	
T	112	63102	107374	153504	241626	459532	2039353	
T	113	12	22	27	32	37	41	
T	113	68201	114733	163709	256115	482524	2039964	
T	114	12	22	27	32	37	41	
T	114	71452	118339	166689	258412	486866	2034233	
T	115	12	22	27	32	37	41	
T	115	71949	121663	171584	265635	500494	2036976	
T	116	12	22	27	32	37	41	
T	116	67992	118305	168684	264399	509170	2042483	
T	117	12	22	27	32	37	41	
T	117	69184	118421	168173	264180	515026	2041484	
T	118	12	22	27	32	37	41	
T	118	72849	122794	171912	266243	523218	2040550	
T	119	12	22	27	32	37	41	
T	119	75149	127566	177672	273504	540457	2038312	
T	120	12	22	27	32	37	41	
T	120	73663	127461	177970	274852	549435	2035401	
T	121	12	22	27	32	37	41	
T	121	73572	127076	179667	276839	558509	2040508	
T	122	12	22	27	32	37	41	
T	122	74518	127179	179893	276222	565337	2034948	
T	123	12	22	27	32	37	41	
T	123	76106	129389	184351	279151	572433	2033350	
T	124	12	22	27	32	37	41	
T	124	89373	146063	204541	301187	598012	2028065	
T	125	12	22	27	32	37	41	
T	125	80846	143021	202002	302548	611280	2031191	
T	126	12	22	27	32	37	41	
T	126	82190	138742	198865	299001	615391	2030692	
T	127	12	22	27	32	37	41	
T	127	85433	142442	205393	303879	623897	2030272	
T	128	8	12	22	27	32	37	41	
T	128	242	87587	144157	208856	307376	631961	2028309	
T	129	8	12	22	27	32	37	41	
T	129	555	94951	152172	218005	317940	645794	2022778	
T	130	8	12	22	27	32	37	41	
T	130	576	92282	151830	219692	320975	656960	2021670	
T	131	8	12	22	27	32	37	41	
T	131	737	95419	151877	220994	321920	665627	2022504	
T	132	8	12	22	27	32	37	41	
T	132	512	100613	155419	224374	325378	672439	2018930	
T	133	8	12	22	27	32	37	41	
T	133	1275	101744	156521	224854	327066	673699	2014688	
T	134	8	12	22	27	32	37	41	
T	134	1874	106993	162851	232524	339788	691018	2017667	
T	135	8	12	22	27	32	37	41	
T	135	2876	105147	161877	232554	346211	702014	2016366	
T	136	8	12	22	27	32	37	41	
T	136	4586	107360	162709	232667	350496	704179	2015634	
T	137	8	12	22	27	32	37	41	
T	137	6878	110866	165720	234996	359242	708555	2011872	
T	138	8	12	22	27	32	37	41	
T	138	8625	114160	169991	238439	367557	712702	2010784	
T	139	8	12	22	27	32	37	41	
T	139	9141	116993	174474	244865	377772	724495	2008865	
T	140	8	12	22	27	32	37	41	
T	140	11546	119565	178748	249850	392338	732588	2007296	
T	141	8	12	22	27	32	37	41	
T	141	14087	120027	181264	252570	403500	739170	2003735	
T	142	8	12	22	27	32	37	41	
T	142	16652	121702	183427	255165	414061	746138	2002224	
T	143	8	12	22	27	32	37	41	
T	143	18850	126936	190870	265083	432095	761232	1994375	
T	144	8	12	22	27	32	37	41	
T	144	20820	130996	198811	272294	450033	782890	1997172	
T	145	8	12	22	27	32	37	41	
T	145	22503	132007	200749	279587	462230	787011	2000478	
T	146	8	12	22	27	32	37	41	
T	146	22227	137607	209666	295469	479054	791797	1995466	
T	147	8	12	22	27	32	37	41	
T	147	23552	140161	214734	302863	489926	807893	1993053	
T	148	8	12	22	27	32	37	41	
T	148	24242	146667	225510	319363	512036	827211	1994764	
T	149	8	12	22	27	32	37	41	
T	149	25725	144827	224485	319845	516627	828810	1990234	
G	0	12	27	32	
G	0	29141	75291	1839029	
G	1	12	27	32	37	
G	1	22526	64694	1956472	1956485	
G	2	12	22	27	32	37	
G	2	15157	15161	46354	271857	1935545	
G	3	12	22	27	32	37	
G	3	14744	17297	44551	139167	1952667	
G	4	12	22	27	32	37	
G	4	11601	15992	35933	96251	1917304	
G	5	12	22	27	32	37	41	
G	5	12407	17020	32713	83747	209627	1902372	
G	6	12	22	27	32	37	41	
G	6	7675	12091	24956	72803	182132	1905228	
G	7	12	22	27	32	37	41	
G	7	7152	11596	23609	65638	166129	1874641	
G	8	12	22	27	32	37	41	
G	8	10323	15166	27289	70136	168869	1880091	
G	9	12	22	27	32	37	41	
G	9	7558	13105	25303	70285	167784	1880147	
G	10	12	22	27	32	37	41	
G	10	7596	13424	25544	67645	165418	1881750	
G	11	12	22	27	32	37	41	
G	11	9182	16185	29134	71273	167727	1870186	
G	12	12	22	27	32	37	41	
G	12	12369	20421	34165	78202	179774	1867000	
G	13	12	22	27	32	37	41	
G	13	7676	16040	29896	70841	166404	1865925	
G	14	12	22	27	32	37	41	
G	14	11843	20855	35353	75000	171214	1866596	
G	15	12	22	27	32	37	41	
G	15	7565	17204	32127	73882	169898	1873455	
G	16	12	22	27	32	37	41	
G	16	7796	17550	32895	71162	168574	1869586	
G	17	12	22	27	32	37	41	
G	17	7637	17206	31915	68874	161789	1866594	
G	18	12	22	27	32	37	41	
G	18	7920	17653	33054	70373	164472	1875459	
G	19	12	22	27	32	37	41	
G	19	8204	18518	34886	72711	168303	1876096	
G	20	12	22	27	32	37	41	
G	20	8322	18705	35974	73691	170558	1883233	
G	21	12	22	27	32	37	41	
G	21	8658	19268	37025	74547	173231	1884822	
G	22	12	22	27	32	37	41	
G	22	8467	19699	38638	74642	173462	1883187	
G	23	12	22	27	32	37	41	
G	23	8525	20000	40662	75718	175411	1884116	
G	24	12	22	27	32	37	41	
G	24	8826	20696	41913	76358	176477	1887121	
G	25	12	22	27	32	37	41	
G	25	11794	23642	45306	77528	177298	1891332	
G	26	12	22	27	32	37	41	
G	26	13133	26115	48875	81336	182795	1898907	
G	27	12	22	27	32	37	41	
G	27	12691	26031	48791	81440	183356	1896626	
G	28	12	22	27	32	37	41	
G	28	13362	27237	50516	83537	187504	1896367	
G	29	12	22	27	32	37	41	
G	29	16370	30608	54039	88138	192841	1899525	
G	30	12	22	27	32	37	41	
G	30	13525	28805	53700	88519	194722	1900697	
G	31	12	22	27	32	37	41	
G	31	13264	26935	49855	82819	189131	1896959	
G	32	12	22	27	32	37	41	
G	32	13552	27139	50143	82965	187792	1899595	
G	33	12	22	27	32	37	41	
G	33	16991	31707	54818	89571	196432	1900945	
G	34	12	22	27	32	37	41	
G	34	14180	29564	54497	88786	196682	1902537	
G	35	12	22	27	32	37	41	
G	35	14585	29058	52984	87490	196084	1898835	
G	36	12	22	27	32	37	41	
G	36	14841	29346	53175	87250	195728	1899701	
G	37	12	22	27	32	37	41	
G	37	14955	29358	53554	87689	195730	1903254	
G	38	12	22	27	32	37	41	
G	38	19674	36207	61812	97119	208285	1911262	
G	39	12	22	27	32	37	41	
G	39	15574	31319	55769	90450	201012	1901796	
G	40	12	22	27	32	37	41	
G	40	15727	31046	55795	90802	203058	1908466	
G	41	12	22	27	32	37	41	
G	41	18784	35614	61342	96970	209923	1915474	
G	42	12	22	27	32	37	41	
G	42	23549	41457	68332	104800	220516	1910067	
G	43	12	22	27	32	37	41	
G	43	16249	33789	60736	97396	214391	1910007	
G	44	12	22	27	32	37	41	
G	44	16323	32232	57311	93009	209516	1909521	
G	45	12	22	27	32	37	41	
G	45	16818	32604	57538	92886	205572	1914150	
G	46	12	22	27	32	37	41	
G	46	16913	33097	57990	93503	207400	1912225	
G	47	12	22	27	32	37	41	
G	47	17807	34463	60952	97872	214973	1918986	
G	48	12	22	27	32	37	41	
G	48	17787	34073	60244	96349	213210	1917699	
G	49	12	22	27	32	37	41	
G	49	17605	34087	60288	96567	214012	1914761	
G	50	12	22	27	32	37	41	
G	50	18036	34894	61954	98591	217411	1915876	
G	51	12	22	27	32	37	41	
G	51	19197	36436	64063	101260	221666	1920912	
G	52	12	22	27	32	37	41	
G	52	19187	37056	65027	103013	225213	1916632	
G	53	12	22	27	32	37	41	
G	53	18785	36166	64197	102196	223546	1912335	
G	54	12	22	27	32	37	41	
G	54	20038	37828	66363	105764	227862	1916884	
G	55	12	22	27	32	37	41	
G	55	19916	37876	66250	105271	226835	1916371	
G	56	12	22	27	32	37	41	
G	56	23289	41866	70848	111471	233970	1920264	
G	57	12	22	27	32	37	41	
G	57	23094	43077	73671	116055	239196	1915852	
G	58	12	22	27	32	37	41	
G	58	20606	40030	70059	114965	237581	1915905	
G	59	12	22	27	32	37	41	
G	59	20915	39268	67889	112457	233108	1913143	
G	60	12	22	27	32	37	41	
G	60	32095	53151	83869	130249	251323	1922863	
G	61	12	22	27	32	37	41	
G	61	21758	42811	73708	121160	244682	1912205	
G	62	12	22	27	32	37	41	
G	62	22275	41390	71443	119591	244099	1916847	
G	63	12	22	27	32	37	41	
G	63	21909	41165	70924	118359	241343	1914388	
G	64	12	22	27	32	37	41	
G	64	22374	41827	71483	119616	242849	1918558	
G	65	12	22	27	32	37	41	
G	65	22794	42361	72459	120783	245561	1913784	
G	66	12	22	27	32	37	41	
G	66	27311	48001	79165	127350	252255	1916846	
G	67	12	22	27	32	37	41	
G	67	23732	44361	75557	124946	249824	1914479	
G	68	12	22	27	32	37	41	
G	68	27438	48572	79850	129098	254770	1919345	
G	69	12	22	27	32	37	41	
G	69	25412	46851	78876	128856	255670	1920464	
G	70	12	22	27	32	37	41	
G	70	30374	52502	84705	135649	263287	1925335	
G	71	12	22	27	32	37	41	
G	71	25202	47764	80207	131594	257788	1918435	
G	72	12	22	27	32	37	41	
G	72	30322	52456	84957	136637	264375	1922653	
G	73	12	22	27	32	37	41	
G	73	26671	49366	82138	135169	263991	1921885	
G	74	12	22	27	32	37	41	
G	74	26723	48474	80845	132832	265125	1917753	
G	75	12	22	27	32	37	41	
G	75	27749	63017	100844	201586	467960	1924397	
G	76	12	22	27	32	37	41	
G	76	27214	53902	88034	159052	330175	1918590	
G	77	12	22	27	32	37	41	
G	77	27222	51829	84298	146092	292056	1919413	
G	78	12	22	27	32	37	41	
G	78	29883	54515	86689	145512	280567	1923866	
G	79	12	22	27	32	37	41	
G	79	27343	52212	84068	141206	271524	1919894	
G	80	12	22	27	32	37	41	
G	80	26397	50657	80303	136396	265553	1921245	
G	81	12	22	27	32	37	41	
G	81	27677	52683	82035	137612	266715	1922889	
G	82	12	22	27	32	37	41	
G	82	28034	54204	82206	137433	264381	1922202	
G	83	12	22	27	32	37	41	
G	83	27718	54661	82821	138141	265977	1922675	
G	84	12	22	27	32	37	41	
G	84	29331	57113	85781	142564	274380	1925238	
G	85	12	22	27	32	37	41	
G	85	30683	59593	88282	145539	278095	1921453	
G	86	12	22	27	32	37	41	
G	86	30537	59810	88683	146431	280527	1922116	
G	87	12	22	27	32	37	41	
G	87	36000	67593	98135	157872	294771	1933540	
G	88	12	22	27	32	37	41	
G	88	30864	61934	91533	151149	287074	1924358	
G	89	12	22	27	32	37	41	
G	89	31585	61893	90810	150328	287911	1927009	
G	90	12	22	27	32	37	41	
G	90	32693	63042	92418	152370	291756	1931025	
G	91	12	22	27	32	37	41	
G	91	32854	63219	92758	152694	292342	1923638	
G	92	12	22	27	32	37	41	
G	92	33831	64946	95265	156242	296746	1924759	
G	93	12	22	27	32	37	41	
G	93	36835	69633	100806	163312	306443	1931475	
G	94	12	22	27	32	37	41	
G	94	34037	66286	96874	158648	301425	1922304	
G	95	12	22	27	32	37	41	
G	95	34743	66562	97134	159567	303383	1926047	
G	96	12	22	27	32	37	41	
G	96	35046	67062	97989	160371	305200	1924832	
G	97	12	22	27	32	37	41	
G	97	37306	70810	102206	166893	314842	1922356	
G	98	12	22	27	32	37	41	
G	98	44545	80745	113219	178514	328101	1926723	
G	99	12	22	27	32	37	41	
G	99	36657	72412	105645	172673	324775	1927056	
G	100	12	22	27	32	37	41	
G	100	37298	71461	103949	170797	324215	1924246	
G	101	12	22	27	32	37	41	
G	101	37969	72398	105003	171397	323993	1925419	
G	102	12	22	27	32	37	41	
G	102	41257	77115	110413	177492	331407	1928966	
G	103	12	22	27	32	37	41	
G	103	39250	75568	109258	177293	333009	1923068	
G	104	12	22	27	32	37	41	
G	104	41173	77704	111759	181028	340070	1925553	
G	105	12	22	27	32	37	41	
G	105	41471	78330	112663	183000	342904	1926159	
G	106	12	22	27	32	37	41	
G	106	42567	79375	113912	184427	344821	1921808	
G	107	12	22	27	32	37	41	
G	107	43006	80596	115506	186253	346065	1924497	
G	108	12	22	27	32	37	41	
G	108	51782	92974	129368	203253	369199	1932159	
G	109	12	22	27	32	37	41	
G	109	50206	93387	130929	206829	377332	1928087	
G	110	12	22	27	32	37	41	
G	110	45524	87374	124575	200344	371892	1928186	
G	111	12	22	27	32	37	41	
G	111	49518	90625	127721	204028	377608	1924536	
G	112	12	22	27	32	37	41	
G	112	47090	88915	126060	202098	379038	1925317	
G	113	12	22	27	32	37	41	
G	113	53086	96933	136228	215935	399309	1927549	
G	114	12	22	27	32	37	41	
G	114	58868	104828	143913	224396	412756	1934111	
G	115	12	22	27	32	37	41	
G	115	59817	109012	149813	232495	427733	1935457	
G	116	12	22	27	32	37	41	
G	116	51287	99193	138806	222462	427291	1929641	
G	117	12	22	27	32	37	41	
G	117	52355	98041	137801	220920	430399	1929539	
G	118	12	22	27	32	37	41	
G	118	56389	103546	143456	226140	444323	1930367	
G	119	12	22	27	32	37	41	
G	119	59216	108837	149778	233584	463045	1930749	
G	120	12	22	27	32	37	41	
G	120	56443	106991	148201	232276	469417	1930675	
G	121	12	22	27	32	37	41	
G	121	55103	104281	146390	230147	472567	1926193	
G	122	12	22	27	32	37	41	
G	122	55697	103802	146858	230547	480212	1931644	
G	123	12	22	27	32	37	41	
G	123	56839	105789	151106	232340	483571	1929357	
G	124	12	22	27	32	37	41	
G	124	76153	130776	180372	263852	518904	1933519	
G	125	12	22	27	32	37	41	
G	125	60973	118105	166465	253561	516405	1927949	
G	126	12	22	27	32	37	41	
G	126	63968	116129	166034	252346	521915	1929373	
G	127	12	22	27	32	37	41	
G	127	64932	117206	169751	253993	525774	1930378	
G	128	8	12	22	27	32	37	41	
G	128	504	68208	120658	175445	259535	534020	1932923	
G	129	8	12	22	27	32	37	41	
G	129	922	80714	135106	191847	276813	552506	1936273	
G	130	8	12	22	27	32	37	41	
G	130	1073	74215	128754	186545	272732	554156	1930377	
G	131	8	12	22	27	32	37	41	
G	131	1513	77434	128322	186787	273406	559866	1928251	
G	132	8	12	22	27	32	37	41	
G	132	1209	84781	134010	192361	277834	564301	1934510	
G	133	8	12	22	27	32	37	41	
G	133	2662	88929	138885	198122	286221	575375	1933752	
G	134	8	12	22	27	32	37	41	
G	134	3456	89991	139087	198287	289147	580227	1929928	
G	135	8	12	22	27	32	37	41	
G	135	4824	89301	140364	201343	297846	594945	1928038	
G	136	8	12	22	27	32	37	41	
G	136	8110	92878	142573	203397	304633	600902	1933597	
G	137	8	12	22	27	32	37	41	
G	137	12348	98064	146729	206527	312776	605677	1934190	
G	138	8	12	22	27	32	37	41	
G	138	15352	103880	153984	214131	326418	616456	1936434	
G	139	8	12	22	27	32	37	41	
G	139	16320	104688	154849	215567	330423	622088	1933792	
G	140	8	12	22	27	32	37	41	
G	140	20414	108554	160460	222197	345240	631713	1933644	
G	141	8	12	22	27	32	37	41	
G	141	25453	108851	162919	225259	355775	641388	1938878	
G	142	8	12	22	27	32	37	41	
G	142	29271	108423	161769	224461	361853	644637	1933923	
G	143	8	12	22	27	32	37	41	
G	143	34883	117332	172893	238069	383159	664408	1938208	
G	144	8	12	22	27	32	37	41	
G	144	39059	119865	178832	242961	395935	681380	1935607	
G	145	8	12	22	27	32	37	41	
G	145	41173	119882	179537	248928	407440	687254	1933531	
G	146	8	12	22	27	32	37	41	
G	146	41222	124821	187245	264729	424953	694403	1935023	
G	147	8	12	22	27	32	37	41	
G	147	43576	129173	194302	273041	436944	710628	1932178	
G	148	8	12	22	27	32	37	41	
G	148	45751	136328	205693	289766	459595	731623	1935689	
G	149	8	12	22	27	32	37	41	
G	149	48464	133840	203744	290261	464880	737881	1935109	
C	0	12	27	32	
C	0	17318	47340	1787015	
C	1	12	27	32	37	
C	1	9935	30986	1770347	1770352	
C	2	12	22	27	32	37	
C	2	10520	10527	34377	232469	1856357	
C	3	12	22	27	32	37	
C	3	7669	8590	27419	103861	1901187	
C	4	12	22	27	32	37	
C	4	6014	7931	22042	70796	1895330	
C	5	12	22	27	32	37	41	
C	5	6698	9088	21002	64167	173215	1934803	
C	6	12	22	27	32	37	41	
C	6	4991	7678	18188	59132	153627	1912274	
C	7	12	22	27	32	37	41	
C	7	5100	8447	18717	55815	148213	1919908	
C	8	12	22	27	32	37	41	
C	8	6786	9900	19458	54405	139306	1914889	
C	9	12	22	27	32	37	41	
C	9	4672	7941	17253	54492	138646	1893049	
C	10	12	22	27	32	37	41	
C	10	4419	7688	16699	49411	131389	1886014	
C	11	12	22	27	32	37	41	
C	11	5743	10075	19867	54950	138050	1897891	
C	12	12	22	27	32	37	41	
C	12	7605	12624	22950	59199	143207	1892425	
C	13	12	22	27	32	37	41	
C	13	5174	11195	21815	59136	142288	1895463	
C	14	12	22	27	32	37	41	
C	14	7684	14038	24987	59699	142709	1903611	
C	15	12	22	27	32	37	41	
C	15	4928	11732	22467	59195	138900	1907555	
C	16	12	22	27	32	37	41	
C	16	5106	12113	23271	56491	139892	1904817	
C	17	12	22	27	32	37	41	
C	17	5299	12394	23699	57432	139081	1922198	
C	18	12	22	27	32	37	41	
C	18	5273	12455	24067	57620	139333	1913243	
C	19	12	22	27	32	37	41	
C	19	5571	12973	25376	59629	142243	1913055	
C	20	12	22	27	32	37	41	
C	20	5594	13234	25994	58083	140601	1911292	
C	21	12	22	27	32	37	41	
C	21	6052	14182	27801	60589	144793	1914157	
C	22	12	22	27	32	37	41	
C	22	6215	14975	29421	60583	144807	1916076	
C	23	12	22	27	32	37	41	
C	23	6038	14697	30362	60209	144081	1925253	
C	24	12	22	27	32	37	41	
C	24	6043	14942	31042	60133	145500	1914450	
C	25	12	22	27	32	37	41	
C	25	8244	17389	34631	62619	148755	1913977	
C	26	12	22	27	32	37	41	
C	26	9122	19261	36871	64962	150889	1917123	
C	27	12	22	27	32	37	41	
C	27	8781	19075	36600	64453	149440	1916155	
C	28	12	22	27	32	37	41	
C	28	9249	19996	38004	66175	153467	1911266	
C	29	12	22	27	32	37	41	
C	29	11333	22276	40074	68367	154851	1916063	
C	30	12	22	27	32	37	41	
C	30	9791	21719	40394	68673	156578	1914409	
C	31	12	22	27	32	37	41	
C	31	10194	21567	39978	69163	160515	1915439	
C	32	12	22	27	32	37	41	
C	32	10342	21870	40811	70606	162140	1920205	
C	33	12	22	27	32	37	41	
C	33	12723	24396	42849	72836	163151	1915111	
C	34	12	22	27	32	37	41	
C	34	10298	22794	42612	72394	164218	1921184	
C	35	12	22	27	32	37	41	
C	35	10815	22467	40932	70555	163260	1926637	
C	36	12	22	27	32	37	41	
C	36	10625	22310	41070	70915	163343	1921649	
C	37	12	22	27	32	37	41	
C	37	11321	23246	42193	71608	163843	1922319	
C	38	12	22	27	32	37	41	
C	38	13209	25472	44912	74675	166757	1924795	
C	39	12	22	27	32	37	41	
C	39	11596	24349	43993	73746	167774	1923047	
C	40	12	22	27	32	37	41	
C	40	12087	24319	43706	73530	167524	1923178	
C	41	12	22	27	32	37	41	
C	41	14039	27022	47016	77969	174976	1926974	
C	42	12	22	27	32	37	41	
C	42	17417	31988	53048	84847	183920	1925828	
C	43	12	22	27	32	37	41	
C	43	12778	27607	49065	80936	181894	1926168	
C	44	12	22	27	32	37	41	
C	44	12571	25398	45409	76621	177185	1935117	
C	45	12	22	27	32	37	41	
C	45	13133	26224	46372	77463	175134	1928091	
C	46	12	22	27	32	37	41	
C	46	13613	26493	46458	77074	173335	1929975	
C	47	12	22	27	32	37	41	
C	47	13838	26780	47401	77928	174904	1929062	
C	48	12	22	27	32	37	41	
C	48	14460	28198	49533	81224	182229	1927363	
C	49	12	22	27	32	37	41	
C	49	14474	28192	49286	80708	180765	1927520	
C	50	12	22	27	32	37	41	
C	50	14916	28630	49724	81332	181279	1928415	
C	51	12	22	27	32	37	41	
C	51	15510	29481	51141	82551	183368	1922993	
C	52	12	22	27	32	37	41	
C	52	15377	29922	52481	85232	188275	1923405	
C	53	12	22	27	32	37	41	
C	53	15445	29717	51775	84195	186293	1933705	
C	54	12	22	27	32	37	41	
C	54	16433	31054	53753	87292	191115	1928376	
C	55	12	22	27	32	37	41	
C	55	16559	31673	54935	89576	194662	1928000	
C	56	12	22	27	32	37	41	
C	56	18781	33964	57015	92048	194408	1928481	
C	57	12	22	27	32	37	41	
C	57	18449	34745	58855	95771	199255	1929263	
C	58	12	22	27	32	37	41	
C	58	17409	33874	58363	97867	201469	1926963	
C	59	12	22	27	32	37	41	
C	59	17778	33585	57854	98288	203355	1934892	
C	60	12	22	27	32	37	41	
C	60	23128	40191	64729	106051	209353	1926836	
C	61	12	22	27	32	37	41	
C	61	18695	36812	63106	105921	212491	1929812	
C	62	12	22	27	32	37	41	
C	62	18464	35220	60049	103534	210123	1932395	
C	63	12	22	27	32	37	41	
C	63	19383	36264	61391	104772	211245	1931008	
C	64	12	22	27	32	37	41	
C	64	19338	36120	61116	104801	210762	1933914	
C	65	12	22	27	32	37	41	
C	65	20018	37199	62658	106480	213735	1939415	
C	66	12	22	27	32	37	41	
C	66	22847	40971	66807	110860	218432	1939230	
C	67	12	22	27	32	37	41	
C	67	20521	38572	64480	108924	216375	1934321	
C	68	12	22	27	32	37	41	
C	68	22956	41011	66669	111009	219350	1937568	
C	69	12	22	27	32	37	41	
C	69	21483	39937	66256	110919	219582	1930157	
C	70	12	22	27	32	37	41	
C	70	25013	43595	69920	115218	223608	1928800	
C	71	12	22	27	32	37	41	
C	71	22122	41855	69255	115621	224532	1937137	
C	72	12	22	27	32	37	41	
C	72	24888	43719	70541	117271	226813	1927194	
C	73	12	22	27	32	37	41	
C	73	22896	42667	70073	117901	228603	1924935	
C	74	12	22	27	32	37	41	
C	74	23672	42767	69937	116742	229588	1931331	
C	75	12	22	27	32	37	41	
C	75	23997	62580	96658	205604	455065	1926655	
C	76	12	22	27	32	37	41	
C	76	23173	48548	78005	148056	301384	1927796	
C	77	12	22	27	32	37	41	
C	77	22831	44804	72062	129959	254900	1930516	
C	78	12	22	27	32	37	41	
C	78	24936	46672	73176	126180	241052	1927881	
C	79	12	22	27	32	37	41	
C	79	23487	45424	71807	123935	234574	1933801	
C	80	12	22	27	32	37	41	
C	80	22951	44751	69075	119731	230482	1929107	
C	81	12	22	27	32	37	41	
C	81	24066	46298	70587	121011	230530	1929716	
C	82	12	22	27	32	37	41	
C	82	24492	48122	70683	120686	228615	1925808	
C	83	12	22	27	32	37	41	
C	83	24496	48657	71731	122471	232082	1932488	
C	84	12	22	27	32	37	41	
C	84	25462	50657	74295	125908	238365	1930227	
C	85	12	22	27	32	37	41	
C	85	26366	51873	74918	126715	239250	1928664	
C	86	12	22	27	32	37	41	
C	86	27125	53637	77200	129947	244398	1932202	
C	87	12	22	27	32	37	41	
C	87	29271	56309	80615	133921	249900	1928711	
C	88	12	22	27	32	37	41	
C	88	26940	55289	79602	133973	250523	1929400	
C	89	12	22	27	32	37	41	
C	89	27530	54579	78861	133282	251758	1933296	
C	90	12	22	27	32	37	41	
C	90	28597	56274	80575	134718	252655	1925206	
C	91	12	22	27	32	37	41	
C	91	28758	56538	80984	135325	254389	1933779	
C	92	12	22	27	32	37	41	
C	92	29740	57805	82341	137170	256917	1926562	
C	93	12	22	27	32	37	41	
C	93	31432	60054	85182	140956	262678	1932959	
C	94	12	22	27	32	37	41	
C	94	30109	59491	84640	140509	262030	1928558	
C	95	12	22	27	32	37	41	
C	95	30594	59768	85077	141626	265637	1936245	
C	96	12	22	27	32	37	41	
C	96	30749	60253	85621	142387	266703	1930006	
C	97	12	22	27	32	37	41	
C	97	32837	62781	88272	146073	271447	1932160	
C	98	12	22	27	32	37	41	
C	98	37135	68464	95213	154546	281331	1927623	
C	99	12	22	27	32	37	41	
C	99	32618	65135	92041	153223	283388	1932100	
C	100	12	22	27	32	37	41	
C	100	33192	63535	89909	149535	280137	1927495	
C	101	12	22	27	32	37	41	
C	101	33602	64505	91076	151279	281647	1932196	
C	102	12	22	27	32	37	41	
C	102	35986	67736	94938	155563	286427	1927405	
C	103	12	22	27	32	37	41	
C	103	34979	67481	95441	157166	292132	1931399	
C	104	12	22	27	32	37	41	
C	104	36695	69997	98194	161288	297305	1926821	
C	105	12	22	27	32	37	41	
C	105	36431	69944	98130	161407	297319	1928530	
C	106	12	22	27	32	37	41	
C	106	37089	70385	98214	161511	299218	1927658	
C	107	12	22	27	32	37	41	
C	107	38222	71977	100306	164766	301300	1929372	
C	108	12	22	27	32	37	41	
C	108	43385	79263	108745	175041	316156	1929450	
C	109	12	22	27	32	37	41	
C	109	42838	81282	111945	180032	325693	1928038	
C	110	12	22	27	32	37	41	
C	110	40269	78181	108720	177890	326635	1931769	
C	111	12	22	27	32	37	41	
C	111	43156	80520	111031	180389	332933	1930138	
C	112	12	22	27	32	37	41	
C	112	42334	80636	111220	180900	336203	1931042	
C	113	12	22	27	32	37	41	
C	113	45951	85958	118445	191526	354564	1932647	
C	114	12	22	27	32	37	41	
C	114	49777	91142	123049	196198	360086	1929640	
C	115	12	22	27	32	37	41	
C	115	50560	94383	127663	201543	370700	1924935	
C	116	12	22	27	32	37	41	
C	116	44717	88331	121239	196573	374742	1925070	
C	117	12	22	27	32	37	41	
C	117	46002	87700	120044	195500	379436	1927032	
C	118	12	22	27	32	37	41	
C	118	48895	91087	123377	198384	391179	1930121	
C	119	12	22	27	32	37	41	
C	119	51193	95796	128921	204552	407787	1926468	
C	120	12	22	27	32	37	41	
C	120	49699	95900	129771	207342	418536	1927188	
C	121	12	22	27	32	37	41	
C	121	49669	94421	129720	206426	423906	1924498	
C	122	12	22	27	32	37	41	
C	122	50772	95298	131385	207484	431630	1928585	
C	123	12	22	27	32	37	41	
C	123	51633	96228	133807	208616	433801	1924498	
C	124	12	22	27	32	37	41	
C	124	63119	111071	151710	227562	455494	1922529	
C	125	12	22	27	32	37	41	
C	125	55515	108161	148117	227196	463896	1929380	
C	126	12	22	27	32	37	41	
C	126	57091	103994	145994	224104	466647	1929726	
C	127	12	22	27	32	37	41	
C	127	58607	106347	149642	226650	470334	1926997	
C	128	8	12	22	27	32	37	41	
C	128	404	61416	108253	153849	230356	475789	1928008	
C	129	8	12	22	27	32	37	41	
C	129	813	70127	118270	165727	243818	490952	1926305	
C	130	8	12	22	27	32	37	41	
C	130	959	67426	117268	165590	245872	500042	1931696	
C	131	8	12	22	27	32	37	41	
C	131	1302	71123	116801	166285	245853	504714	1933421	
C	132	8	12	22	27	32	37	41	
C	132	1034	77445	121277	170959	249561	509644	1929072	
C	133	8	12	22	27	32	37	41	
C	133	2259	80263	125049	174662	255942	515881	1931439	
C	134	8	12	22	27	32	37	41	
C	134	3402	81950	125672	175379	258984	520529	1932134	
C	135	8	12	22	27	32	37	41	
C	135	4774	80682	125871	176503	265119	531469	1934265	
C	136	8	12	22	27	32	37	41	
C	136	7910	83969	127454	176936	268486	533507	1933149	
C	137	8	12	22	27	32	37	41	
C	137	11957	88113	129598	178669	275035	537512	1935171	
C	138	8	12	22	27	32	37	41	
C	138	15253	92889	135716	184914	285678	546096	1931080	
C	139	8	12	22	27	32	37	41	
C	139	16070	94618	138321	188343	292522	554163	1932040	
C	140	8	12	22	27	32	37	41	
C	140	20105	97865	142900	194343	305215	565206	1931847	
C	141	8	12	22	27	32	37	41	
C	141	25018	98709	145312	196877	314942	573284	1930208	
C	142	8	12	22	27	32	37	41	
C	142	28816	99216	146028	197832	320881	577690	1930530	
C	143	8	12	22	27	32	37	41	
C	143	33543	104911	152478	205544	334604	589963	1934516	
C	144	8	12	22	27	32	37	41	
C	144	37554	107356	158434	210628	346287	607284	1935510	
C	145	8	12	22	27	32	37	41	
C	145	40408	109361	161386	217842	360377	616478	1933391	
C	146	8	12	22	27	32	37	41	
C	146	40282	112804	167346	231147	374649	622352	1937238	
C	147	8	12	22	27	32	37	41	
C	147	42246	116584	172500	237439	385468	638314	1937899	
C	148	8	12	22	27	32	37	41	
C	148	43955	122033	181891	252085	405295	656803	1931151	
C	149	8	12	22	27	32	37	41	
C	149	46496	121928	183623	256590	415472	669013	1938251	
N	0	2	
N	0	22289	
N	1	
N	1	
N	2	2	
N	2	85	
N	3	
N	3	
N	4	
N	4	
N	5	2	
N	5	119	
N	6	
N	6	
N	7	
N	7	
N	8	
N	8	
N	9	
N	9	
N	10	
N	10	
N	11	
N	11	
N	12	
N	12	
N	13	
N	13	
N	14	2	
N	14	65	
N	15	
N	15	
N	16	
N	16	
N	17	
N	17	
N	18	
N	18	
N	19	
N	19	
N	20	
N	20	
N	21	
N	21	
N	22	
N	22	
N	23	
N	23	
N	24	
N	24	
N	25	
N	25	
N	26	
N	26	
N	27	
N	27	
N	28	
N	28	
N	29	
N	29	
N	30	
N	30	
N	31	
N	31	
N	32	2	
N	32	39	
N	33	
N	33	
N	34	
N	34	
N	35	
N	35	
N	36	
N	36	
N	37	
N	37	
N	38	
N	38	
N	39	
N	39	
N	40	
N	40	
N	41	
N	41	
N	42	
N	42	
N	43	
N	43	
N	44	
N	44	
N	45	
N	45	
N	46	
N	46	
N	47	
N	47	
N	48	
N	48	
N	49	
N	49	
N	50	
N	50	
N	51	
N	51	
N	52	
N	52	
N	53	
N	53	
N	54	
N	54	
N	55	
N	55	
N	56	
N	56	
N	57	
N	57	
N	58	
N	58	
N	59	
N	59	
N	60	
N	60	
N	61	
N	61	
N	62	
N	62	
N	63	
N	63	
N	64	
N	64	
N	65	
N	65	
N	66	2	
N	66	2	
N	67	
N	67	
N	68	
N	68	
N	69	
N	69	
N	70	
N	70	
N	71	
N	71	
N	72	
N	72	
N	73	
N	73	
N	74	
N	74	
N	75	
N	75	
N	76	
N	76	
N	77	
N	77	
N	78	
N	78	
N	79	
N	79	
N	80	
N	80	
N	81	
N	81	
N	82	
N	82	
N	83	
N	83	
N	84	
N	84	
N	85	
N	85	
N	86	
N	86	
N	87	2	
N	87	14	
N	88	
N	88	
N	89	2	
N	89	44	
N	90	
N	90	
N	91	
N	91	
N	92	
N	92	
N	93	
N	93	
N	94	2	
N	94	64	
N	95	
N	95	
N	96	2	
N	96	22	
N	97	
N	97	
N	98	
N	98	
N	99	
N	99	
N	100	
N	100	
N	101	2	
N	101	38	
N	102	
N	102	
N	103	
N	103	
N	104	
N	104	
N	105	
N	105	
N	106	
N	106	
N	107	
N	107	
N	108	
N	108	
N	109	
N	109	
N	110	2	
N	110	79	
N	111	
N	111	
N	112	
N	112	
N	113	
N	113	
N	114	
N	114	
N	115	
N	115	
N	116	
N	116	
N	117	
N	117	
N	118	
N	118	
N	119	
N	119	
N	120	
N	120	
N	121	2	
N	121	52	
N	122	
N	122	
N	123	
N	123	
N	124	
N	124	
N	125	
N	125	
N	126	
N	126	
N	127	
N	127	
N	128	2	
N	128	24	
N	129	
N	129	
N	130	2	
N	130	13	
N	131	
N	131	
N	132	
N	132	
N	133	
N	133	
N	134	2	
N	134	139	
N	135	
N	135	
N	136	
N	136	
N	137	
N	137	
N	138	
N	138	
N	139	
N	139	
N	140	
N	140	
N	141	
N	141	
N	142	
N	142	
N	143	
N	143	
N	144	
N	144	
N	145	
N	145	
N	146	
N	146	
N	147	
N	147	
N	148	
N	148	
N	149	
N	149	
