.	0	2	14	21	27	32	
.	0	2548	101353	152299	152934	3454888	
.	1	2	14	21	27	32	
.	1	674	101247	145454	147132	3454888	
.	2	2	14	21	27	32	
.	2	121	89390	128693	130343	3454888	
.	3	2	14	21	27	32	
.	3	15	73893	124850	126351	3454888	
.	4	2	14	21	27	32	
.	4	2	66700	120644	122635	3454888	
.	5	2	14	21	27	32	36	
.	5	22	77612	131862	140810	282913	3454888	
.	6	2	14	21	27	32	36	
.	6	9	75665	119388	126035	265632	3454888	
.	7	2	14	21	27	32	36	
.	7	19	85550	128763	135143	277964	3454888	
.	8	2	14	21	27	32	36	
.	8	66	103704	148076	159032	330166	3454888	
.	9	2	14	21	27	32	36	
.	9	90	127917	175009	184136	347997	3454888	
.	10	2	14	21	27	32	36	
.	10	206	89507	123785	130712	271811	3454888	
.	11	2	14	21	27	32	36	
.	11	67	90432	123826	130054	268156	3454888	
.	12	2	14	21	27	32	36	
.	12	189	89142	121561	128624	264610	3454888	
.	13	2	14	21	27	32	36	
.	13	65	98328	144785	151711	291566	3454888	
.	14	2	14	21	27	32	36	
.	14	65	93948	127896	134841	274987	3454888	
.	15	2	14	21	27	32	36	
.	15	22	95851	129368	135922	274020	3454888	
.	16	2	14	21	27	32	36	
.	16	10	95370	128478	135157	272456	3454888	
.	17	2	14	21	27	32	36	
.	17	18	103190	140649	147150	287139	3454888	
.	18	2	14	21	27	32	36	
.	18	30	102600	133186	139376	277500	3454888	
.	19	2	14	21	27	32	36	
.	19	25	102893	132745	138963	276267	3454888	
.	20	2	14	21	27	32	36	
.	20	31	102102	132346	138117	273301	3454888	
.	21	2	14	21	27	32	36	
.	21	31	120462	155767	161338	297570	3454888	
.	22	2	14	21	27	32	36	
.	22	11	106058	135415	140977	276452	3454888	
.	23	2	14	21	27	32	36	
.	23	3	108761	139708	145521	281662	3454888	
.	24	2	14	21	27	32	36	
.	24	1	119962	160922	166802	301834	3454888	
.	25	14	21	27	32	36	
.	25	119952	158878	164769	300180	3454888	
.	26	2	14	21	27	32	36	
.	26	29	112202	144882	150602	285651	3454888	
.	27	2	14	21	27	32	36	
.	27	19	111777	144238	150311	285328	3454888	
.	28	2	14	21	27	32	36	
.	28	12	122975	155837	162275	301926	3454888	
.	29	2	14	21	27	32	36	
.	29	13	119943	152207	159390	299773	3454888	
.	30	14	21	27	32	36	
.	30	123402	156355	163995	304671	3454888	
.	31	2	14	21	27	32	36	
.	31	24	126615	159871	167664	310306	3454888	
.	32	2	14	21	27	32	36	
.	32	1	126365	159884	167948	309388	3454888	
.	33	2	14	21	27	32	36	
.	33	19	129286	164571	173130	314999	3454888	
.	34	2	14	21	27	32	36	
.	34	17	131290	167580	175791	318921	3454888	
.	35	14	21	27	32	36	
.	35	133762	172053	180630	322941	3454888	
.	36	2	14	21	27	32	36	
.	36	31	137053	177124	185686	325172	3454888	
.	37	2	14	21	27	32	36	
.	37	1	141769	184986	193660	333153	3454888	
.	38	2	14	21	27	32	36	
.	38	9	148557	194626	203442	344438	3454888	
.	39	2	14	21	27	32	36	
.	39	28	154922	202417	211789	355160	3454888	
.	40	2	14	21	27	32	36	
.	40	322	161960	206499	216715	365696	3454888	
.	41	2	14	21	27	32	36	
.	41	486	166188	205922	219614	375758	3454888	
.	42	2	14	21	27	32	36	
.	42	860	173433	208588	226476	390699	3454888	
.	43	2	14	21	27	32	36	
.	43	1191	179815	212471	235446	408022	3454888	
.	44	2	14	21	27	32	36	
.	44	1181	184832	215044	243044	424356	3454888	
.	45	2	14	21	27	32	36	
.	45	1507	190501	219692	251936	444180	3454888	
.	46	2	14	21	27	32	36	
.	46	1161	193837	222450	256015	455776	3454888	
.	47	2	14	21	27	32	36	
.	47	1764	196471	223623	258266	465972	3454888	
.	48	2	14	21	27	32	36	
.	48	1382	197902	224355	258961	474719	3454888	
.	49	2	14	21	27	32	36	
.	49	1636	199097	223898	258680	476221	3454888	
.	50	2	14	21	27	32	36	
.	50	1228	201066	224613	260532	488653	3454888	
.	51	2	14	21	27	32	36	
.	51	1212	202894	225568	261926	491809	3454888	
.	52	2	14	21	27	32	36	
.	52	992	200556	222430	260835	491228	3454888	
.	53	2	14	21	27	32	36	
.	53	846	202597	224525	264766	500834	3454888	
.	54	2	14	21	27	32	36	
.	54	695	204226	226176	267782	508839	3454888	
.	55	2	14	21	27	32	36	
.	55	670	203919	225734	268821	518174	3454888	
.	56	2	14	21	27	32	36	
.	56	431	204168	225930	271162	537916	3454888	
.	57	2	14	21	27	32	36	
.	57	277	208574	230931	278755	557064	3454888	
.	58	2	14	21	27	32	36	
.	58	149	210911	233642	284215	577338	3454888	
.	59	2	14	21	27	32	36	
.	59	64	214331	237932	292449	603468	3454888	
.	60	2	14	21	27	32	36	
.	60	147	219846	244419	305758	641393	3454888	
.	61	2	14	21	27	32	36	
.	61	31	223983	249038	316136	666293	3454888	
.	62	2	14	21	27	32	36	
.	62	36	227955	253949	331932	698371	3454888	
.	63	2	14	21	27	32	36	
.	63	38	231643	259166	346543	725402	3454888	
.	64	14	21	27	32	36	
.	64	235252	263233	361801	750714	3454888	
.	65	2	14	21	27	32	36	
.	65	64	240034	268506	374832	771421	3454888	
.	66	2	14	21	27	32	36	
.	66	1	241101	269610	383583	785953	3454888	
.	67	14	21	27	32	36	
.	67	242350	270207	388352	795536	3454888	
.	68	2	14	21	27	32	36	
.	68	12	244428	272169	393009	805063	3454888	
.	69	2	14	21	27	32	36	
.	69	12	246592	274048	397629	812424	3454888	
.	70	2	14	21	27	32	36	
.	70	18	251611	278910	406512	828310	3454888	
.	71	2	14	21	27	32	36	
.	71	19	255951	282762	412409	836245	3454888	
.	72	2	14	21	27	32	36	
.	72	6	257708	284243	415963	843220	3454888	
.	73	2	14	21	27	32	36	
.	73	62	263884	289743	424003	854106	3454888	
.	74	2	14	21	27	32	36	
.	74	1	265739	291294	427838	857932	3454888	
.	75	2	14	21	27	32	36	
.	75	18	269249	293835	431759	859323	3454888	
.	76	2	14	21	27	32	36	
.	76	19	271307	294958	432401	858385	3454888	
.	77	2	14	21	27	32	36	
.	77	34	273180	297010	435599	859882	3454888	
.	78	2	14	21	27	32	36	
.	78	161	277930	301263	440908	867442	3454888	
.	79	2	14	21	27	32	36	
.	79	269	280499	304454	445423	871917	3454888	
.	80	2	14	21	27	32	36	
.	80	701	286021	310232	453145	886188	3454888	
.	81	2	14	21	27	32	36	
.	81	946	291425	317091	464368	902064	3454888	
.	82	2	14	21	27	32	36	
.	82	996	290445	318873	472393	918894	3454888	
.	83	2	14	21	27	32	36	
.	83	949	295452	326422	485990	943490	3454888	
.	84	2	14	21	27	32	36	
.	84	1049	299052	332646	497649	963007	3454888	
.	85	2	14	21	27	32	36	
.	85	791	302968	337708	505777	976549	3454888	
.	86	2	14	21	27	32	36	
.	86	803	303799	339494	511189	990207	3454888	
.	87	2	14	21	27	32	36	
.	87	606	305135	340874	512387	992786	3454888	
.	88	2	14	21	27	32	36	
.	88	573	307234	342138	513000	993884	3454888	
.	89	2	14	21	27	32	36	
.	89	531	309533	343351	514085	994638	3454888	
.	90	2	14	21	27	32	36	
.	90	538	311283	344479	517059	997764	3454888	
.	91	2	14	21	27	32	36	
.	91	565	313808	346392	519974	1002047	3454888	
.	92	2	14	21	27	32	36	
.	92	394	314974	346606	520099	1000977	3454888	
.	93	2	14	21	27	32	36	
.	93	355	314415	344819	520018	1000531	3454888	
.	94	2	14	21	27	32	36	
.	94	341	318797	349385	529384	1016768	3454888	
.	95	2	14	21	27	32	36	
.	95	241	320902	349242	530249	1018069	3454888	
.	96	2	14	21	27	32	36	
.	96	231	322312	349158	532302	1019961	3454888	
.	97	2	14	21	27	32	36	
.	97	153	321717	346961	529633	1016645	3454888	
.	98	2	14	21	27	32	36	
.	98	85	325218	350935	539079	1024093	3454888	
.	99	2	14	21	27	32	36	
.	99	75	329387	355312	543071	1026231	3454888	
.	100	2	14	21	27	32	36	
.	100	27	331158	358890	552137	1035813	3454888	
.	101	2	14	21	27	32	36	
.	101	21	339574	370585	579573	1070187	3454888	
.	102	2	14	21	27	32	36	
.	102	25	344520	378442	596826	1095615	3454888	
.	103	2	14	21	27	32	36	
.	103	20	350507	385409	613391	1130410	3454888	
.	104	2	14	21	27	32	36	
.	104	42	359444	397181	635809	1173919	3454888	
.	105	2	14	21	27	32	36	
.	105	28	369225	407783	656522	1215732	3454888	
.	106	2	14	21	27	32	36	
.	106	38	371683	409238	665919	1244157	3454888	
.	107	2	14	21	27	32	36	
.	107	44	378004	414478	676320	1250515	3454888	
.	108	2	14	21	27	32	36	
.	108	42	384302	419458	686888	1264587	3454888	
.	109	2	14	21	27	32	36	
.	109	35	386233	418139	686372	1253699	3454888	
.	110	2	14	21	27	32	36	
.	110	60	391139	421035	688895	1245917	3454888	
.	111	2	14	21	27	32	36	
.	111	17	394375	421561	694721	1252053	3454888	
.	112	2	14	21	27	32	36	
.	112	62	398616	424084	694646	1239312	3454888	
.	113	2	14	21	27	32	36	
.	113	394	403425	428131	695011	1229500	3454888	
.	114	2	14	21	27	32	36	
.	114	467	401363	425067	702031	1254394	3454888	
.	115	2	14	21	27	32	36	
.	115	607	403130	427022	706893	1265588	3454888	
.	116	2	14	21	27	32	36	
.	116	691	404663	428809	714138	1280303	3454888	
.	117	2	14	21	27	32	36	
.	117	694	403713	428241	730870	1325377	3454888	
.	118	2	14	21	27	32	36	
.	118	783	404620	428161	732803	1326858	3454888	
.	119	2	14	21	27	32	36	
.	119	727	402600	425763	753352	1385916	3454888	
.	120	2	14	21	27	32	36	
.	120	771	400595	422186	748987	1372759	3454888	
.	121	2	14	21	27	32	36	
.	121	662	398554	419433	751661	1383385	3454888	
.	122	2	14	21	27	32	36	
.	122	665	400205	421981	765384	1414545	3454888	
.	123	2	14	21	27	32	36	
.	123	667	396458	418013	763160	1418654	3454888	
.	124	2	14	21	27	32	36	
.	124	645	391021	411958	760622	1427583	3454888	
.	125	2	14	21	27	32	36	
.	125	657	395482	417220	772396	1449430	3454888	
.	126	2	14	21	27	32	36	
.	126	541	392994	415726	770611	1457560	3454888	
.	127	2	14	21	27	32	36	
.	127	590	395668	418480	774228	1469334	3454888	
.	128	2	14	21	27	32	36	
.	128	456	391677	416944	764951	1475616	3454888	
.	129	2	14	21	27	32	36	
.	129	424	394852	419400	763296	1471052	3454888	
.	130	2	14	21	27	32	36	
.	130	442	394470	424385	774120	1526179	3454888	
.	131	2	14	21	27	32	36	
.	131	361	397104	426652	771634	1518076	3454888	
.	132	2	14	21	27	32	36	
.	132	271	394734	428078	769825	1544532	3454888	
.	133	2	14	21	27	32	36	
.	133	214	397094	430998	769674	1545404	3454888	
.	134	2	14	21	27	32	36	
.	134	173	396774	433568	768141	1560099	3454888	
.	135	2	14	21	27	32	36	
.	135	137	401830	442380	777342	1594017	3454888	
.	136	2	14	21	27	32	36	
.	136	32	403261	442322	769647	1573724	3454888	
.	137	2	14	21	27	32	36	
.	137	78	402375	446613	772076	1606927	3454888	
.	138	2	14	21	27	32	36	
.	138	22	406932	448689	767578	1574228	3454888	
.	139	2	14	21	27	32	36	
.	139	9	406126	451169	766959	1589887	3454888	
.	140	2	14	21	27	32	36	
.	140	72	406739	450655	761467	1568254	3454888	
.	141	2	14	21	27	32	36	
.	141	29	406724	453544	761292	1581546	3454888	
.	142	2	14	21	27	32	36	
.	142	8	407620	454926	755438	1573044	3454888	
.	143	2	14	21	27	32	36	
.	143	7	410139	458495	757883	1575161	3454888	
.	144	2	14	21	27	32	36	
.	144	36	412654	464016	762365	1598942	3454888	
.	145	2	14	21	27	32	36	
.	145	16	412859	465366	761758	1602148	3454888	
.	146	2	14	21	27	32	36	
.	146	18	413816	467737	761796	1611818	3454888	
.	147	2	14	21	27	32	36	
.	147	8	414678	469215	759841	1606982	3454888	
.	148	2	14	21	27	32	36	
.	148	12	416202	472986	763344	1622649	3454888	
.	149	2	14	21	27	32	36	
.	149	19	416102	472349	759248	1611223	3454888	
A	0	14	21	27	32	
A	0	21655	38452	38553	629096	
A	1	14	21	27	32	
A	1	50537	74094	75184	1386727	
A	2	14	21	27	32	
A	2	27914	44145	44871	943811	
A	3	14	21	27	32	
A	3	18726	49212	50228	986284	
A	4	14	21	27	32	
A	4	16320	48697	49833	1022066	
A	5	14	21	27	32	36	
A	5	31627	73001	75422	139764	1404883	
A	6	14	21	27	32	36	
A	6	20671	49073	50409	95396	999848	
A	7	14	21	27	32	36	
A	7	19779	45565	46783	90672	983378	
A	8	14	21	27	32	36	
A	8	38332	72582	74056	147526	1224001	
A	9	14	21	27	32	36	
A	9	70915	107072	108402	191693	1272094	
A	10	14	21	27	32	36	
A	10	22392	44312	45163	90450	931164	
A	11	14	21	27	32	36	
A	11	22896	44236	45020	89162	932739	
A	12	14	21	27	32	36	
A	12	22768	44373	45138	89999	956804	
A	13	14	21	27	32	36	
A	13	36983	71621	72597	128384	1110852	
A	14	14	21	27	32	36	
A	14	28814	51842	52637	104178	1096225	
A	15	14	21	27	32	36	
A	15	29502	52198	52989	102995	1071779	
A	16	14	21	27	32	36	
A	16	30015	52701	53539	104426	1065583	
A	17	14	21	27	32	36	
A	17	38991	66226	67029	121810	1094931	
A	18	14	21	27	32	36	
A	18	32728	53528	54087	104075	1058207	
A	19	14	21	27	32	36	
A	19	33912	54400	54974	105448	1057900	
A	20	14	21	27	32	36	
A	20	34541	55632	56074	105390	1050343	
A	21	14	21	27	32	36	
A	21	50622	76125	76500	127873	1069545	
A	22	14	21	27	32	36	
A	22	34290	54133	54453	102815	1042539	
A	23	14	21	27	32	36	
A	23	36045	57065	57411	107071	1061354	
A	24	14	21	27	32	36	
A	24	48339	78793	79159	131285	1095903	
A	25	14	21	27	32	36	
A	25	50071	78126	78401	131237	1094084	
A	26	14	21	27	32	36	
A	26	37535	58669	58901	109067	1064307	
A	27	14	21	27	32	36	
A	27	39175	60054	60364	111847	1057931	
A	28	14	21	27	32	36	
A	28	41572	62128	62411	116049	1046743	
A	29	14	21	27	32	36	
A	29	43797	64255	64666	121907	1056136	
A	30	14	21	27	32	36	
A	30	46771	67575	67990	127048	1060673	
A	31	14	21	27	32	36	
A	31	47761	68467	68882	129046	1055706	
A	32	14	21	27	32	36	
A	32	48493	69312	69833	131453	1063599	
A	33	14	21	27	32	36	
A	33	50533	72134	72752	135497	1063886	
A	34	14	21	27	32	36	
A	34	52844	75225	75807	140369	1069111	
A	35	14	21	27	32	36	
A	35	55289	78877	79611	146113	1074810	
A	36	14	21	27	32	36	
A	36	57891	82829	83516	149993	1074497	
A	37	14	21	27	32	36	
A	37	61420	89190	89903	156710	1065860	
A	38	14	21	27	32	36	
A	38	66437	96398	97152	166406	1063658	
A	39	14	21	27	32	36	
A	39	70997	101359	102223	175557	1055408	
A	40	14	21	27	32	36	
A	40	76280	103408	105087	183656	1051661	
A	41	14	21	27	32	36	
A	41	76999	100365	104708	188127	1053945	
A	42	14	21	27	32	36	
A	42	79532	100165	107974	194757	1050038	
A	43	14	21	27	32	36	
A	43	81655	101228	113017	203148	1057777	
A	44	14	21	27	32	36	
A	44	83972	102507	118140	211967	1065970	
A	45	14	21	27	32	36	
A	45	86605	105066	123452	222304	1066485	
A	46	14	21	27	32	36	
A	46	88466	106669	126065	228808	1066326	
A	47	14	21	27	32	36	
A	47	90462	107978	127779	234844	1066401	
A	48	14	21	27	32	36	
A	48	91058	107982	127689	238302	1054503	
A	49	14	21	27	32	36	
A	49	90713	106005	125639	237427	1050351	
A	50	14	21	27	32	36	
A	50	91475	105531	125696	242567	1054136	
A	51	14	21	27	32	36	
A	51	91190	104303	124724	242061	1051458	
A	52	14	21	27	32	36	
A	52	89813	102189	123501	239743	1054908	
A	53	14	21	27	32	36	
A	53	90741	102967	125371	243059	1059482	
A	54	14	21	27	32	36	
A	54	90300	102253	124975	242275	1058586	
A	55	14	21	27	32	36	
A	55	88754	100770	124360	244427	1059835	
A	56	14	21	27	32	36	
A	56	87729	99652	124782	251456	1061771	
A	57	14	21	27	32	36	
A	57	89195	101190	127564	258425	1057283	
A	58	14	21	27	32	36	
A	58	90132	102682	131058	267326	1053800	
A	59	14	21	27	32	36	
A	59	91350	104421	135100	279292	1048578	
A	60	14	21	27	32	36	
A	60	93649	107603	142301	296386	1044768	
A	61	14	21	27	32	36	
A	61	94753	109215	146577	305494	1044654	
A	62	14	21	27	32	36	
A	62	96748	111782	154115	317345	1048203	
A	63	14	21	27	32	36	
A	63	97899	114254	160585	326594	1051992	
A	64	14	21	27	32	36	
A	64	99280	115975	166926	334812	1057784	
A	65	14	21	27	32	36	
A	65	101035	117955	171826	339868	1058504	
A	66	14	21	27	32	36	
A	66	100759	117322	174316	340207	1053505	
A	67	14	21	27	32	36	
A	67	99444	115246	173112	337931	1050544	
A	68	14	21	27	32	36	
A	68	99888	115642	173972	338786	1051536	
A	69	14	21	27	32	36	
A	69	100620	116241	175809	339377	1046896	
A	70	14	21	27	32	36	
A	70	102723	118308	179138	343442	1044741	
A	71	14	21	27	32	36	
A	71	104668	119986	182206	346368	1045361	
A	72	14	21	27	32	36	
A	72	104922	120479	183103	347878	1042991	
A	73	14	21	27	32	36	
A	73	108076	123239	187199	354064	1046637	
A	74	14	21	27	32	36	
A	74	110071	125406	190710	357096	1052485	
A	75	14	21	27	32	36	
A	75	111631	126347	192633	357588	1051291	
A	76	14	21	27	32	36	
A	76	111753	125630	192088	356766	1052593	
A	77	14	21	27	32	36	
A	77	112663	127021	193727	356445	1054378	
A	78	14	21	27	32	36	
A	78	113180	126915	193747	355430	1046878	
A	79	14	21	27	32	36	
A	79	114113	128054	194938	355124	1045171	
A	80	14	21	27	32	36	
A	80	115605	129517	196824	356723	1041687	
A	81	14	21	27	32	36	
A	81	117447	132222	200965	360421	1043563	
A	82	14	21	27	32	36	
A	82	116354	132991	204396	364442	1043105	
A	83	14	21	27	32	36	
A	83	118595	136957	210393	374209	1046539	
A	84	14	21	27	32	36	
A	84	120000	140285	215776	381385	1046770	
A	85	14	21	27	32	36	
A	85	122038	143103	219936	388326	1050544	
A	86	14	21	27	32	36	
A	86	122613	144653	223982	395743	1052198	
A	87	14	21	27	32	36	
A	87	123113	145226	225119	398056	1048015	
A	88	14	21	27	32	36	
A	88	123220	144849	225220	398418	1045063	
A	89	14	21	27	32	36	
A	89	124915	145781	226553	400291	1042267	
A	90	14	21	27	32	36	
A	90	125515	146346	228882	403071	1039827	
A	91	14	21	27	32	36	
A	91	126436	146460	230241	404560	1041844	
A	92	14	21	27	32	36	
A	92	126519	145899	230108	404760	1045007	
A	93	14	21	27	32	36	
A	93	126613	145426	231047	405805	1045761	
A	94	14	21	27	32	36	
A	94	129070	147892	236343	414199	1051523	
A	95	14	21	27	32	36	
A	95	130956	147910	237982	417260	1053286	
A	96	14	21	27	32	36	
A	96	131604	147436	238369	418193	1049688	
A	97	14	21	27	32	36	
A	97	130688	145282	236040	414991	1047917	
A	98	14	21	27	32	36	
A	98	131461	146603	240281	419073	1044966	
A	99	14	21	27	32	36	
A	99	132366	147985	240121	417476	1040661	
A	100	14	21	27	32	36	
A	100	131869	149281	243137	418287	1040527	
A	101	14	21	27	32	36	
A	101	135360	155432	253657	427329	1041391	
A	102	14	21	27	32	36	
A	102	136054	158782	259416	431791	1039484	
A	103	14	21	27	32	36	
A	103	137590	161248	263609	437919	1043093	
A	104	14	21	27	32	36	
A	104	142345	167891	272742	450729	1049624	
A	105	14	21	27	32	36	
A	105	146285	171730	280024	461889	1049552	
A	106	14	21	27	32	36	
A	106	147465	172071	283207	467921	1051631	
A	107	14	21	27	32	36	
A	107	149743	173414	287413	476049	1050932	
A	108	14	21	27	32	36	
A	108	152673	175520	293784	485249	1047305	
A	109	14	21	27	32	36	
A	109	153750	174365	294827	487463	1046423	
A	110	14	21	27	32	36	
A	110	156592	175605	297451	491246	1046103	
A	111	14	21	27	32	36	
A	111	159049	175795	301845	497653	1046443	
A	112	14	21	27	32	36	
A	112	162120	177402	304066	498690	1050323	
A	113	14	21	27	32	36	
A	113	163772	178240	304548	496879	1050443	
A	114	14	21	27	32	36	
A	114	164040	178377	309541	505727	1051816	
A	115	14	21	27	32	36	
A	115	163934	178654	311311	510118	1054223	
A	116	14	21	27	32	36	
A	116	163409	178807	313158	512118	1055557	
A	117	14	21	27	32	36	
A	117	162951	179090	319083	521876	1050095	
A	118	14	21	27	32	36	
A	118	160533	175848	316680	520277	1049016	
A	119	14	21	27	32	36	
A	119	159747	174824	325005	534652	1046333	
A	120	14	21	27	32	36	
A	120	157145	170907	321712	531819	1043048	
A	121	14	21	27	32	36	
A	121	156811	169550	323242	534847	1045365	
A	122	14	21	27	32	36	
A	122	157072	169909	329020	545557	1047381	
A	123	14	21	27	32	36	
A	123	155151	167614	328238	547729	1046479	
A	124	14	21	27	32	36	
A	124	153613	165041	327863	551955	1049960	
A	125	14	21	27	32	36	
A	125	155323	166828	331493	559484	1051229	
A	126	14	21	27	32	36	
A	126	154604	166055	329779	562053	1052264	
A	127	14	21	27	32	36	
A	127	155013	166011	330301	565029	1050953	
A	128	14	21	27	32	36	
A	128	153258	165275	324976	565024	1049628	
A	129	14	21	27	32	36	
A	129	153928	165218	322081	562677	1049449	
A	130	14	21	27	32	36	
A	130	153927	167177	324484	575950	1049235	
A	131	14	21	27	32	36	
A	131	155493	168198	322992	574938	1051372	
A	132	14	21	27	32	36	
A	132	154336	168588	320994	582014	1051118	
A	133	14	21	27	32	36	
A	133	156130	170038	320061	582765	1053540	
A	134	14	21	27	32	36	
A	134	155964	170537	317201	585403	1055698	
A	135	14	21	27	32	36	
A	135	158269	173787	319533	591603	1055446	
A	136	14	21	27	32	36	
A	136	158371	172334	312853	582187	1057287	
A	137	14	21	27	32	36	
A	137	158940	174168	312426	588696	1057934	
A	138	14	21	27	32	36	
A	138	159260	172892	305796	571929	1053880	
A	139	14	21	27	32	36	
A	139	159875	174319	304976	574099	1054832	
A	140	14	21	27	32	36	
A	140	159158	172405	299849	564820	1055890	
A	141	14	21	27	32	36	
A	141	159175	173025	297095	561129	1052868	
A	142	14	21	27	32	36	
A	142	159748	173415	294291	556802	1055481	
A	143	14	21	27	32	36	
A	143	161015	174851	293641	554028	1059487	
A	144	14	21	27	32	36	
A	144	161861	176221	293327	553359	1057987	
A	145	14	21	27	32	36	
A	145	161419	176061	290918	552011	1057894	
A	146	14	21	27	32	36	
A	146	162162	176997	289494	550009	1059774	
A	147	14	21	27	32	36	
A	147	162153	176951	286801	541335	1058399	
A	148	14	21	27	32	36	
A	148	162813	178250	286215	540318	1057282	
A	149	14	21	27	32	36	
A	149	161466	176526	281817	532892	1057833	
T	0	14	21	27	32	
T	0	19422	28370	28441	980257	
T	1	14	21	27	32	
T	1	13344	20103	20229	645276	
T	2	14	21	27	32	
T	2	32327	47214	47876	1328589	
T	3	14	21	27	32	
T	3	20383	25212	25348	931952	
T	4	14	21	27	32	
T	4	19755	24217	24504	931626	
T	5	14	21	27	32	36	
T	5	20029	22454	25610	58310	886575	
T	6	14	21	27	32	36	
T	6	21325	25135	28045	66504	959969	
T	7	14	21	27	32	36	
T	7	19953	23521	26144	59863	886427	
T	8	14	21	27	32	36	
T	8	22943	27285	31469	70031	992038	
T	9	14	21	27	32	36	
T	9	23781	25997	30404	66294	947659	
T	10	14	21	27	32	36	
T	10	28577	31863	35074	75426	958318	
T	11	14	21	27	32	36	
T	11	22891	26657	29348	65361	944447	
T	12	14	21	27	32	36	
T	12	32465	36656	40908	89939	1267299	
T	13	14	21	27	32	36	
T	13	25674	28647	32421	71189	1016125	
T	14	14	21	27	32	36	
T	14	31379	34269	38556	82843	1064893	
T	15	14	21	27	32	36	
T	15	27558	30964	34535	76740	1067644	
T	16	14	21	27	32	36	
T	16	27626	30445	34327	75629	1046708	
T	17	14	21	27	32	36	
T	17	28034	30617	34478	76213	1038610	
T	18	14	21	27	32	36	
T	18	33173	35739	39819	84405	1062048	
T	19	14	21	27	32	36	
T	19	28582	30979	34923	76183	1027982	
T	20	14	21	27	32	36	
T	20	28971	31324	35094	76870	1043607	
T	21	14	21	27	32	36	
T	21	30303	32665	36312	78860	1062052	
T	22	14	21	27	32	36	
T	22	30563	33053	36560	79142	1063897	
T	23	14	21	27	32	36	
T	23	30620	32937	36849	80091	1065391	
T	24	14	21	27	32	36	
T	24	31452	33921	37789	80293	1073160	
T	25	14	21	27	32	36	
T	25	30925	33275	37342	79660	1062049	
T	26	14	21	27	32	36	
T	26	31393	34066	38015	80198	1054883	
T	27	14	21	27	32	36	
T	27	31561	34116	38141	80114	1053616	
T	28	14	21	27	32	36	
T	28	39348	42429	46871	92130	1079057	
T	29	14	21	27	32	36	
T	29	32963	35567	40280	81395	1054922	
T	30	14	21	27	32	36	
T	30	33267	35843	40910	81360	1055255	
T	31	14	21	27	32	36	
T	31	35317	38034	43419	84857	1067090	
T	32	14	21	27	32	36	
T	32	34782	37584	43099	83486	1077738	
T	33	14	21	27	32	36	
T	33	35133	38264	44048	84253	1088813	
T	34	14	21	27	32	36	
T	34	34597	37669	43195	82991	1085455	
T	35	14	21	27	32	36	
T	35	33864	37199	42808	80864	1075524	
T	36	14	21	27	32	36	
T	36	33517	37039	42735	78723	1064590	
T	37	14	21	27	32	36	
T	37	33425	37267	42995	78170	1060087	
T	38	14	21	27	32	36	
T	38	33191	37179	42876	76864	1057370	
T	39	14	21	27	32	36	
T	39	33429	37436	43618	76102	1063368	
T	40	14	21	27	32	36	
T	40	33263	37307	43446	74058	1060548	
T	41	14	21	27	32	36	
T	41	33348	37321	43799	73216	1069859	
T	42	14	21	27	32	36	
T	42	33760	37550	44312	74343	1082175	
T	43	14	21	27	32	36	
T	43	34253	37870	44935	75714	1076883	
T	44	14	21	27	32	36	
T	44	33923	37548	45036	76417	1080086	
T	45	14	21	27	32	36	
T	45	34273	37813	45782	78530	1078112	
T	46	14	21	27	32	36	
T	46	34298	37751	45624	78866	1064728	
T	47	14	21	27	32	36	
T	47	33960	37210	45107	79019	1060950	
T	48	14	21	27	32	36	
T	48	34213	37340	45361	80913	1060811	
T	49	14	21	27	32	36	
T	49	34922	37916	45715	81456	1055900	
T	50	14	21	27	32	36	
T	50	35550	38545	46609	84258	1057507	
T	51	14	21	27	32	36	
T	51	36522	39676	47901	86740	1066756	
T	52	14	21	27	32	36	
T	52	36860	40026	48795	88103	1068234	
T	53	14	21	27	32	36	
T	53	38253	41636	50806	92001	1076007	
T	54	14	21	27	32	36	
T	54	39480	43051	53066	96643	1078443	
T	55	14	21	27	32	36	
T	55	39770	43303	53600	98330	1072015	
T	56	14	21	27	32	36	
T	56	40148	43587	53519	101546	1063665	
T	57	14	21	27	32	36	
T	57	41065	44745	55503	105946	1056425	
T	58	14	21	27	32	36	
T	58	40811	44431	54961	107657	1049589	
T	59	14	21	27	32	36	
T	59	41198	44901	55783	111156	1055049	
T	60	14	21	27	32	36	
T	60	41403	44958	56598	115303	1055529	
T	61	14	21	27	32	36	
T	61	41307	44703	57081	117474	1055636	
T	62	14	21	27	32	36	
T	62	41412	44960	58919	121266	1063780	
T	63	14	21	27	32	36	
T	63	41321	44841	60299	123204	1066497	
T	64	14	21	27	32	36	
T	64	41759	45232	62431	125214	1064726	
T	65	14	21	27	32	36	
T	65	42938	46609	65209	129624	1065709	
T	66	14	21	27	32	36	
T	66	42945	46804	66242	130745	1059998	
T	67	14	21	27	32	36	
T	67	43481	47412	67317	131902	1046100	
T	68	14	21	27	32	36	
T	68	43929	47784	67808	132463	1043533	
T	69	14	21	27	32	36	
T	69	43988	47818	67900	133018	1044523	
T	70	14	21	27	32	36	
T	70	45306	49131	69930	135843	1045255	
T	71	14	21	27	32	36	
T	71	45513	49310	69616	135231	1048250	
T	72	14	21	27	32	36	
T	72	46155	49522	69975	135157	1054999	
T	73	14	21	27	32	36	
T	73	47538	50766	71826	137888	1059108	
T	74	14	21	27	32	36	
T	74	47198	50210	71520	137189	1063381	
T	75	14	21	27	32	36	
T	75	48203	51118	72525	138795	1063031	
T	76	14	21	27	32	36	
T	76	48414	51190	72234	138118	1051852	
T	77	14	21	27	32	36	
T	77	48751	51492	72890	138764	1043973	
T	78	14	21	27	32	36	
T	78	49980	52847	74417	141650	1039099	
T	79	14	21	27	32	36	
T	79	50345	53392	74982	142088	1032200	
T	80	14	21	27	32	36	
T	80	51352	54522	76083	145192	1037163	
T	81	14	21	27	32	36	
T	81	52551	55959	78004	148253	1039447	
T	82	14	21	27	32	36	
T	82	51652	54943	77207	148082	1041793	
T	83	14	21	27	32	36	
T	83	52763	56354	79726	153541	1051222	
T	84	14	21	27	32	36	
T	84	53245	56919	81073	156499	1054886	
T	85	14	21	27	32	36	
T	85	54162	57698	82582	159110	1052027	
T	86	14	21	27	32	36	
T	86	54224	57652	82499	160153	1051223	
T	87	14	21	27	32	36	
T	87	54343	57778	83007	162024	1047101	
T	88	14	21	27	32	36	
T	88	55106	58271	83085	162225	1037480	
T	89	14	21	27	32	36	
T	89	55646	59005	84474	164388	1038697	
T	90	14	21	27	32	36	
T	90	56099	59291	84603	164789	1036244	
T	91	14	21	27	32	36	
T	91	56684	60273	86286	168198	1033925	
T	92	14	21	27	32	36	
T	92	57395	60893	87224	170345	1036350	
T	93	14	21	27	32	36	
T	93	57707	60974	87159	170482	1042523	
T	94	14	21	27	32	36	
T	94	59320	62699	90293	176503	1043956	
T	95	14	21	27	32	36	
T	95	59899	63361	91392	178892	1047577	
T	96	14	21	27	32	36	
T	96	60825	64000	92432	180091	1048542	
T	97	14	21	27	32	36	
T	97	60357	63437	92301	178648	1040632	
T	98	14	21	27	32	36	
T	98	60993	64033	93866	179798	1038551	
T	99	14	21	27	32	36	
T	99	61235	64319	95144	180812	1038377	
T	100	14	21	27	32	36	
T	100	60942	63932	95173	179218	1033794	
T	101	14	21	27	32	36	
T	101	61548	64872	99813	183604	1036007	
T	102	14	21	27	32	36	
T	102	61889	65220	101488	185573	1037657	
T	103	14	21	27	32	36	
T	103	62339	65669	104502	190147	1036439	
T	104	14	21	27	32	36	
T	104	63382	67129	108479	197529	1039362	
T	105	14	21	27	32	36	
T	105	65294	69509	113614	208234	1040503	
T	106	14	21	27	32	36	
T	106	65562	69722	116149	215112	1036188	
T	107	14	21	27	32	36	
T	107	67971	72636	122335	228131	1036519	
T	108	14	21	27	32	36	
T	108	71179	76200	128634	242010	1035650	
T	109	14	21	27	32	36	
T	109	72202	77124	130762	246515	1032223	
T	110	14	21	27	32	36	
T	110	74052	79085	134296	253965	1034136	
T	111	14	21	27	32	36	
T	111	75327	80232	136796	258706	1034589	
T	112	14	21	27	32	36	
T	112	76098	80871	137203	258032	1032960	
T	113	14	21	27	32	36	
T	113	76732	81390	137022	256106	1036521	
T	114	14	21	27	32	36	
T	114	76059	80025	136562	257059	1038489	
T	115	14	21	27	32	36	
T	115	75423	79055	134863	255493	1037194	
T	116	14	21	27	32	36	
T	116	75998	79301	135507	254979	1037845	
T	117	14	21	27	32	36	
T	117	74787	78005	136976	260583	1036961	
T	118	14	21	27	32	36	
T	118	76053	79056	137943	260892	1033851	
T	119	14	21	27	32	36	
T	119	76124	79030	141374	270534	1034101	
T	120	14	21	27	32	36	
T	120	77472	80297	143250	272794	1035331	
T	121	14	21	27	32	36	
T	121	77316	80259	143791	275109	1033982	
T	122	14	21	27	32	36	
T	122	78931	82243	148490	285904	1033589	
T	123	14	21	27	32	36	
T	123	78956	82295	149596	291102	1037563	
T	124	14	21	27	32	36	
T	124	78504	81900	150107	293158	1037289	
T	125	14	21	27	32	36	
T	125	80374	84233	155258	304487	1037504	
T	126	14	21	27	32	36	
T	126	81126	85542	157520	311033	1038412	
T	127	14	21	27	32	36	
T	127	82079	86722	159521	316223	1034321	
T	128	14	21	27	32	36	
T	128	82285	87808	160128	320959	1036648	
T	129	14	21	27	32	36	
T	129	84192	89891	163101	326456	1036096	
T	130	14	21	27	32	36	
T	130	84062	91241	166118	339734	1036513	
T	131	14	21	27	32	36	
T	131	85185	92709	168032	344188	1035197	
T	132	14	21	27	32	36	
T	132	85348	94083	169461	352280	1037375	
T	133	14	21	27	32	36	
T	133	86014	95438	171168	357493	1035665	
T	134	14	21	27	32	36	
T	134	85813	96094	171768	362123	1036475	
T	135	14	21	27	32	36	
T	135	87926	99852	176572	377738	1038078	
T	136	14	21	27	32	36	
T	136	88430	100595	176790	375984	1034613	
T	137	14	21	27	32	36	
T	137	88130	102265	178347	386554	1034141	
T	138	14	21	27	32	36	
T	138	90275	104146	180684	386213	1034924	
T	139	14	21	27	32	36	
T	139	89577	104427	179797	387309	1034563	
T	140	14	21	27	32	36	
T	140	90762	105742	180970	386489	1035651	
T	141	14	21	27	32	36	
T	141	90798	106747	182203	392392	1036249	
T	142	14	21	27	32	36	
T	142	90465	106695	180630	391272	1035125	
T	143	14	21	27	32	36	
T	143	91651	108474	182575	393863	1035631	
T	144	14	21	27	32	36	
T	144	92621	110377	184174	401950	1037390	
T	145	14	21	27	32	36	
T	145	92517	110781	184667	401984	1037014	
T	146	14	21	27	32	36	
T	146	92591	111359	184963	404343	1035308	
T	147	14	21	27	32	36	
T	147	93497	112605	185739	406506	1035698	
T	148	14	21	27	32	36	
T	148	93588	113239	186285	409612	1032868	
T	149	14	21	27	32	36	
T	149	94370	113979	187085	408802	1033754	
G	0	14	21	27	32	
G	0	44779	61515	61970	965822	
G	1	14	21	27	32	
G	1	22568	33119	33469	790785	
G	2	14	21	27	32	
G	2	14717	20075	20163	550044	
G	3	14	21	27	32	
G	3	21452	34754	34923	971460	
G	4	14	21	27	32	
G	4	18019	32298	32499	917264	
G	5	14	21	27	32	36	
G	5	12638	21080	21484	39514	602252	
G	6	14	21	27	32	36	
G	6	13017	20178	20524	39343	597308	
G	7	14	21	27	32	36	
G	7	24664	34972	35621	68512	965234	
G	8	14	21	27	32	36	
G	8	16982	19360	21474	43486	584265	
G	9	14	21	27	32	36	
G	9	16047	22699	22950	40311	602228	
G	10	14	21	27	32	36	
G	10	16320	21130	21568	41181	612980	
G	11	14	21	27	32	36	
G	11	15835	19785	20177	38966	595573	
G	12	14	21	27	32	36	
G	12	19273	23573	23888	43626	629474	
G	13	14	21	27	32	36	
G	13	18451	24525	24760	45428	671401	
G	14	14	21	27	32	36	
G	14	18068	23598	23828	44254	650817	
G	15	14	21	27	32	36	
G	15	17584	22330	22638	41999	638215	
G	16	14	21	27	32	36	
G	16	21399	26662	26983	48395	696314	
G	17	14	21	27	32	36	
G	17	19176	24574	24835	44558	664281	
G	18	14	21	27	32	36	
G	18	19869	24732	24958	45026	670986	
G	19	14	21	27	32	36	
G	19	23564	28304	28604	50788	702716	
G	20	14	21	27	32	36	
G	20	21101	25565	25849	46529	685337	
G	21	14	21	27	32	36	
G	21	20665	25743	25936	44672	646024	
G	22	14	21	27	32	36	
G	22	19712	24360	24581	43679	644121	
G	23	14	21	27	32	36	
G	23	23455	28767	29022	49666	673904	
G	24	14	21	27	32	36	
G	24	20120	25652	25893	44327	637022	
G	25	14	21	27	32	36	
G	25	20391	26537	26744	45260	649442	
G	26	14	21	27	32	36	
G	26	20540	26629	26841	45982	654960	
G	27	14	21	27	32	36	
G	27	20705	26928	27186	46369	658706	
G	28	14	21	27	32	36	
G	28	22510	29092	29315	48692	665425	
G	29	14	21	27	32	36	
G	29	22566	29307	29615	49661	667507	
G	30	14	21	27	32	36	
G	30	22739	29749	30063	49814	663584	
G	31	14	21	27	32	36	
G	31	23010	30387	30756	50324	660935	
G	32	14	21	27	32	36	
G	32	22484	29854	30198	49036	652076	
G	33	14	21	27	32	36	
G	33	23087	31004	31409	50049	647735	
G	34	14	21	27	32	36	
G	34	23238	31471	31893	50539	648274	
G	35	14	21	27	32	36	
G	35	23711	32295	32824	51266	653597	
G	36	14	21	27	32	36	
G	36	24673	33471	34125	52616	661782	
G	37	14	21	27	32	36	
G	37	26277	35139	35970	55037	667254	
G	38	14	21	27	32	36	
G	38	28156	37353	38280	58367	668877	
G	39	14	21	27	32	36	
G	39	29902	40254	41224	62250	669494	
G	40	14	21	27	32	36	
G	40	31887	42583	43503	67325	670860	
G	41	14	21	27	32	36	
G	41	35985	45519	46474	73927	661387	
G	42	14	21	27	32	36	
G	42	39747	47740	48827	79765	657251	
G	43	14	21	27	32	36	
G	43	43581	50283	51873	86161	657888	
G	44	14	21	27	32	36	
G	44	46389	51890	54003	91405	653926	
G	45	14	21	27	32	36	
G	45	48503	53114	55834	96211	657280	
G	46	14	21	27	32	36	
G	46	49816	54464	57525	100298	667204	
G	47	14	21	27	32	36	
G	47	49761	53947	57271	101913	667464	
G	48	14	21	27	32	36	
G	48	50379	54573	57949	104824	675001	
G	49	14	21	27	32	36	
G	49	50804	54958	58483	105299	679769	
G	50	14	21	27	32	36	
G	50	51468	55554	59163	108461	675238	
G	51	14	21	27	32	36	
G	51	51911	55931	59603	108461	670704	
G	52	14	21	27	32	36	
G	52	51352	55209	59286	108688	667818	
G	53	14	21	27	32	36	
G	53	51057	54812	59114	110052	660553	
G	54	14	21	27	32	36	
G	54	51976	55792	60249	112998	660975	
G	55	14	21	27	32	36	
G	55	52895	56589	61339	117173	666898	
G	56	14	21	27	32	36	
G	56	53797	57517	62938	124105	670232	
G	57	14	21	27	32	36	
G	57	55987	59938	65671	130271	677514	
G	58	14	21	27	32	36	
G	58	57421	61245	67606	138109	683756	
G	59	14	21	27	32	36	
G	59	59432	63387	70841	146928	682807	
G	60	14	21	27	32	36	
G	60	61755	65930	74956	159196	681609	
G	61	14	21	27	32	36	
G	61	64890	69072	79780	170326	680662	
G	62	14	21	27	32	36	
G	62	66533	70851	84725	181900	672423	
G	63	14	21	27	32	36	
G	63	69015	73431	90466	193795	672360	
G	64	14	21	27	32	36	
G	64	70694	75189	96020	204181	672184	
G	65	14	21	27	32	36	
G	65	72005	76579	99960	212016	669844	
G	66	14	21	27	32	36	
G	66	73176	77839	104215	221408	676953	
G	67	14	21	27	32	36	
G	67	74719	79367	107874	229559	688733	
G	68	14	21	27	32	36	
G	68	76257	81007	111220	236513	690524	
G	69	14	21	27	32	36	
G	69	76953	81652	112967	240173	691487	
G	70	14	21	27	32	36	
G	70	77924	82516	115439	246953	691645	
G	71	14	21	27	32	36	
G	71	79755	84211	117882	251931	687715	
G	72	14	21	27	32	36	
G	72	80180	84523	119282	255634	685195	
G	73	14	21	27	32	36	
G	73	81102	85291	120647	258125	682282	
G	74	14	21	27	32	36	
G	74	80773	84682	120454	258067	673681	
G	75	14	21	27	32	36	
G	75	81071	84825	120765	257429	676404	
G	76	14	21	27	32	36	
G	76	82238	85984	121914	258200	683489	
G	77	14	21	27	32	36	
G	77	82800	86303	122648	259323	688975	
G	78	14	21	27	32	36	
G	78	84731	88330	125336	263048	693894	
G	79	14	21	27	32	36	
G	79	85450	89018	127064	266375	700526	
G	80	14	21	27	32	36	
G	80	87880	91492	130646	273548	699794	
G	81	14	21	27	32	36	
G	81	89775	93525	134459	280386	696616	
G	82	14	21	27	32	36	
G	82	90478	94775	138262	289452	693434	
G	83	14	21	27	32	36	
G	83	92296	96892	142733	297176	687222	
G	84	14	21	27	32	36	
G	84	93437	98318	146020	302928	682840	
G	85	14	21	27	32	36	
G	85	94261	99500	148120	306741	683991	
G	86	14	21	27	32	36	
G	86	94389	99721	148936	309689	683386	
G	87	14	21	27	32	36	
G	87	94472	99724	148222	308373	688013	
G	88	14	21	27	32	36	
G	88	95707	100924	148672	308684	696794	
G	89	14	21	27	32	36	
G	89	95386	100270	147221	305852	697570	
G	90	14	21	27	32	36	
G	90	95783	100399	147194	304879	700850	
G	91	14	21	27	32	36	
G	91	96571	101083	146851	303694	701570	
G	92	14	21	27	32	36	
G	92	96224	100590	145946	301348	698595	
G	93	14	21	27	32	36	
G	93	95306	99454	144902	299036	694122	
G	94	14	21	27	32	36	
G	94	95086	99282	144795	299738	691064	
G	95	14	21	27	32	36	
G	95	93873	97890	142214	296601	687433	
G	96	14	21	27	32	36	
G	96	93183	97107	141994	296391	688366	
G	97	14	21	27	32	36	
G	97	93696	97382	141295	297937	694809	
G	98	14	21	27	32	36	
G	98	95790	99403	144804	299492	697552	
G	99	14	21	27	32	36	
G	99	98724	102257	148034	302997	701700	
G	100	14	21	27	32	36	
G	100	101266	104843	153410	309917	705248	
G	101	14	21	27	32	36	
G	101	105991	109666	164233	321411	704393	
G	102	14	21	27	32	36	
G	102	109321	113066	172379	330436	703377	
G	103	14	21	27	32	36	
G	103	113352	117031	180285	340203	701894	
G	104	14	21	27	32	36	
G	104	116039	119942	187039	348730	695856	
G	105	14	21	27	32	36	
G	105	119018	122960	192569	355174	695787	
G	106	14	21	27	32	36	
G	106	120110	124051	196321	359885	694119	
G	107	14	21	27	32	36	
G	107	121169	124923	196469	356916	694035	
G	108	14	21	27	32	36	
G	108	121248	124853	195168	353386	697669	
G	109	14	21	27	32	36	
G	109	120681	124045	192295	347423	699872	
G	110	14	21	27	32	36	
G	110	120570	124010	189571	341599	700033	
G	111	14	21	27	32	36	
G	111	119577	122917	187402	337859	700670	
G	112	14	21	27	32	36	
G	112	120088	123633	185732	333312	700474	
G	113	14	21	27	32	36	
G	113	121227	124868	184510	329845	696993	
G	114	14	21	27	32	36	
G	114	119916	123352	185544	334855	694957	
G	115	14	21	27	32	36	
G	115	121741	125303	189124	341243	695163	
G	116	14	21	27	32	36	
G	116	122766	126131	191931	346489	692190	
G	117	14	21	27	32	36	
G	117	122511	125531	196800	357397	695553	
G	118	14	21	27	32	36	
G	118	123864	126928	199134	360919	699719	
G	119	14	21	27	32	36	
G	119	122242	125144	203102	373175	701591	
G	120	14	21	27	32	36	
G	120	121098	123879	200567	368510	703246	
G	121	14	21	27	32	36	
G	121	118834	121708	198708	368236	704242	
G	122	14	21	27	32	36	
G	122	117457	120446	199130	371759	703098	
G	123	14	21	27	32	36	
G	123	115033	118110	195408	368196	701662	
G	124	14	21	27	32	36	
G	124	111945	115100	191624	365800	700246	
G	125	14	21	27	32	36	
G	125	111167	114475	191518	365134	698946	
G	126	14	21	27	32	36	
G	126	108950	112417	188161	361030	695433	
G	127	14	21	27	32	36	
G	127	108814	112361	187086	360213	698207	
G	128	14	21	27	32	36	
G	128	106822	110642	182846	356833	696842	
G	129	14	21	27	32	36	
G	129	106290	109973	180258	351335	697670	
G	130	14	21	27	32	36	
G	130	105731	110338	181485	359434	699387	
G	131	14	21	27	32	36	
G	131	105329	109874	178865	352465	697880	
G	132	14	21	27	32	36	
G	132	103802	108751	177063	354258	698468	
G	133	14	21	27	32	36	
G	133	103538	108457	175622	350007	698180	
G	134	14	21	27	32	36	
G	134	103176	108623	174439	349670	695849	
G	135	14	21	27	32	36	
G	135	102693	108625	174032	351480	693759	
G	136	14	21	27	32	36	
G	136	103017	108863	172354	345219	695436	
G	137	14	21	27	32	36	
G	137	101441	108078	170995	346809	692702	
G	138	14	21	27	32	36	
G	138	102844	109213	171063	341648	695968	
G	139	14	21	27	32	36	
G	139	101954	108885	170225	343158	696335	
G	140	14	21	27	32	36	
G	140	101410	108415	168196	335659	694591	
G	141	14	21	27	32	36	
G	141	100978	108355	167815	337665	695937	
G	142	14	21	27	32	36	
G	142	101663	109169	167032	334805	696628	
G	143	14	21	27	32	36	
G	143	101740	109333	166494	333866	693912	
G	144	14	21	27	32	36	
G	144	101262	109556	166878	337243	693636	
G	145	14	21	27	32	36	
G	145	101430	109746	166954	338233	694692	
G	146	14	21	27	32	36	
G	146	100948	109454	166250	338443	692605	
G	147	14	21	27	32	36	
G	147	100633	109154	165759	338762	693594	
G	148	14	21	27	32	36	
G	148	100672	109699	166560	342533	695476	
G	149	14	21	27	32	36	
G	149	100512	109419	165623	339389	693495	
C	0	14	21	27	32	
C	0	12949	21414	21422	877165	
C	1	14	21	27	32	
C	1	14124	17464	17576	631426	
C	2	14	21	27	32	
C	2	14311	17138	17312	632323	
C	3	14	21	27	32	
C	3	13317	15657	15837	565177	
C	4	14	21	27	32	
C	4	12604	15430	15797	583930	
C	5	14	21	27	32	36	
C	5	13296	15305	18272	45303	561156	
C	6	14	21	27	32	36	
C	6	20643	24993	27048	64380	897754	
C	7	14	21	27	32	36	
C	7	21135	24686	26576	58898	619830	
C	8	14	21	27	32	36	
C	8	25381	28783	31967	69057	654518	
C	9	14	21	27	32	36	
C	9	17084	19151	22290	49609	632817	
C	10	14	21	27	32	36	
C	10	22012	26274	28701	64548	952220	
C	11	14	21	27	32	36	
C	11	28743	33081	35442	74600	982062	
C	12	14	21	27	32	36	
C	12	14447	16770	18501	40857	601122	
C	13	14	21	27	32	36	
C	13	17155	19927	21868	46500	656445	
C	14	14	21	27	32	36	
C	14	15622	18122	19755	43647	642888	
C	15	14	21	27	32	36	
C	15	21185	23854	25738	52264	677228	
C	16	14	21	27	32	36	
C	16	16320	18660	20298	43996	646273	
C	17	14	21	27	32	36	
C	17	16971	19214	20790	44540	657048	
C	18	14	21	27	32	36	
C	18	16800	19157	20482	43964	663617	
C	19	14	21	27	32	36	
C	19	16810	19037	20437	43823	666265	
C	20	14	21	27	32	36	
C	20	17458	19794	21069	44481	675570	
C	21	14	21	27	32	36	
C	21	18841	21203	22559	46134	677236	
C	22	14	21	27	32	36	
C	22	21482	23858	25372	50805	704320	
C	23	14	21	27	32	36	
C	23	18638	20936	22236	44831	654236	
C	24	14	21	27	32	36	
C	24	20050	22555	23960	45928	648802	
C	25	14	21	27	32	36	
C	25	18565	20940	22282	44023	649313	
C	26	14	21	27	32	36	
C	26	22705	25489	26816	50375	680709	
C	27	14	21	27	32	36	
C	27	20317	23121	24601	46979	684616	
C	28	14	21	27	32	36	
C	28	19533	22176	23666	45043	663651	
C	29	14	21	27	32	36	
C	29	20604	23065	24816	46797	676310	
C	30	14	21	27	32	36	
C	30	20625	23188	25032	46449	675376	
C	31	14	21	27	32	36	
C	31	20503	22959	24583	46055	671133	
C	32	14	21	27	32	36	
C	32	20605	23133	24817	45412	661474	
C	33	14	21	27	32	36	
C	33	20514	23150	24902	45181	654435	
C	34	14	21	27	32	36	
C	34	20594	23198	24879	45005	652031	
C	35	14	21	27	32	36	
C	35	20898	23682	25387	44698	650957	
C	36	14	21	27	32	36	
C	36	20941	23754	25279	43809	653988	
C	37	14	21	27	32	36	
C	37	20646	23389	24791	43235	661686	
C	38	14	21	27	32	36	
C	38	20764	23687	25125	42792	664974	
C	39	14	21	27	32	36	
C	39	20566	23340	24696	41223	666590	
C	40	14	21	27	32	36	
C	40	20208	22879	24357	40335	671497	
C	41	14	21	27	32	36	
C	41	19370	22231	24147	40002	669211	
C	42	14	21	27	32	36	
C	42	19534	22273	24503	40974	664564	
C	43	14	21	27	32	36	
C	43	19135	21899	24430	41808	661149	
C	44	14	21	27	32	36	
C	44	19367	21918	24684	43386	653725	
C	45	14	21	27	32	36	
C	45	19613	22192	25361	45628	651504	
C	46	14	21	27	32	36	
C	46	20096	22405	25640	46643	655469	
C	47	14	21	27	32	36	
C	47	20524	22724	26345	48432	658309	
C	48	14	21	27	32	36	
C	48	20870	23078	26580	49298	663191	
C	49	14	21	27	32	36	
C	49	21022	23383	27207	50403	667232	
C	50	14	21	27	32	36	
C	50	21345	23755	27836	52139	666779	
C	51	14	21	27	32	36	
C	51	22059	24446	28486	53335	664758	
C	52	14	21	27	32	36	
C	52	21539	24014	28261	53702	662936	
C	53	14	21	27	32	36	
C	53	21700	24264	28629	54876	658000	
C	54	14	21	27	32	36	
C	54	21775	24385	28797	56228	656189	
C	55	14	21	27	32	36	
C	55	21830	24402	28852	57574	655470	
C	56	14	21	27	32	36	
C	56	22063	24743	29492	60378	658789	
C	57	14	21	27	32	36	
C	57	22050	24781	29740	62145	663389	
C	58	14	21	27	32	36	
C	58	22398	25135	30441	64097	667594	
C	59	14	21	27	32	36	
C	59	22287	25159	30661	66028	668390	
C	60	14	21	27	32	36	
C	60	22892	25781	31756	70361	672835	
C	61	14	21	27	32	36	
C	61	23002	26017	32667	72968	673905	
C	62	14	21	27	32	36	
C	62	23226	26320	34137	77824	670446	
C	63	14	21	27	32	36	
C	63	23370	26602	35155	81771	664001	
C	64	14	21	27	32	36	
C	64	23519	26837	36424	86507	660194	
C	65	14	21	27	32	36	
C	65	23992	27299	37773	89849	660767	
C	66	14	21	27	32	36	
C	66	24220	27644	38809	93592	664431	
C	67	14	21	27	32	36	
C	67	24706	28182	40049	96144	669511	
C	68	14	21	27	32	36	
C	68	24342	27724	39997	97289	669283	
C	69	14	21	27	32	36	
C	69	25019	28325	40941	99844	671970	
C	70	14	21	27	32	36	
C	70	25640	28937	41987	102054	673229	
C	71	14	21	27	32	36	
C	71	25996	29236	42686	102696	673543	
C	72	14	21	27	32	36	
C	72	26445	29713	43597	104545	671697	
C	73	14	21	27	32	36	
C	73	27106	30385	44269	103967	666799	
C	74	14	21	27	32	36	
C	74	27696	30995	45153	105579	665340	
C	75	14	21	27	32	36	
C	75	28326	31527	45818	105493	664144	
C	76	14	21	27	32	36	
C	76	28883	32135	46146	105282	666935	
C	77	14	21	27	32	36	
C	77	28932	32160	46300	105316	667528	
C	78	14	21	27	32	36	
C	78	29878	33010	47247	107153	674856	
C	79	14	21	27	32	36	
C	79	30322	33721	48170	108061	676722	
C	80	14	21	27	32	36	
C	80	30483	34000	48891	110024	675543	
C	81	14	21	27	32	36	
C	81	30706	34439	49994	112058	674316	
C	82	14	21	27	32	36	
C	82	30965	35168	51532	115922	675560	
C	83	14	21	27	32	36	
C	83	30849	35270	52189	117615	668956	
C	84	14	21	27	32	36	
C	84	31321	36075	53731	121146	669343	
C	85	14	21	27	32	36	
C	85	31716	36616	54348	121581	667535	
C	86	14	21	27	32	36	
C	86	31770	36665	54969	123819	667278	
C	87	14	21	27	32	36	
C	87	32601	37540	55433	123727	671153	
C	88	14	21	27	32	36	
C	88	32628	37521	55450	123984	674978	
C	89	14	21	27	32	36	
C	89	33055	37764	55306	123576	675823	
C	90	14	21	27	32	36	
C	90	33348	37905	55842	124487	677429	
C	91	14	21	27	32	36	
C	91	33552	38011	56031	125030	676984	
C	92	14	21	27	32	36	
C	92	34442	38830	56427	124130	674542	
C	93	14	21	27	32	36	
C	93	34434	38610	56555	124853	672127	
C	94	14	21	27	32	36	
C	94	34980	39171	57612	125987	668004	
C	95	14	21	27	32	36	
C	95	35933	39840	58420	125075	666351	
C	96	14	21	27	32	36	
C	96	36469	40384	59276	125055	668061	
C	97	14	21	27	32	36	
C	97	36823	40707	59844	124916	671377	
C	98	14	21	27	32	36	
C	98	36889	40811	60043	125645	673734	
C	99	14	21	27	32	36	
C	99	36987	40676	59697	124871	674075	
C	100	14	21	27	32	36	
C	100	37054	40807	60390	128364	675292	
C	101	14	21	27	32	36	
C	101	36654	40594	61849	137822	673076	
C	102	14	21	27	32	36	
C	102	37231	41349	63518	147790	674345	
C	103	14	21	27	32	36	
C	103	37206	41441	64975	162121	673442	
C	104	14	21	27	32	36	
C	104	37636	42177	67507	176889	670004	
C	105	14	21	27	32	36	
C	105	38600	43556	70287	190407	669018	
C	106	14	21	27	32	36	
C	106	38508	43356	70204	201201	672912	
C	107	14	21	27	32	36	
C	107	39077	43461	70059	189375	673358	
C	108	14	21	27	32	36	
C	108	39160	42843	69260	183900	674222	
C	109	14	21	27	32	36	
C	109	39565	42570	68453	172263	676335	
C	110	14	21	27	32	36	
C	110	39865	42275	67517	159047	674556	
C	111	14	21	27	32	36	
C	111	40405	42600	68661	157818	673169	
C	112	14	21	27	32	36	
C	112	40248	42116	67583	149216	671069	
C	113	14	21	27	32	36	
C	113	41300	43239	68537	146276	670537	
C	114	14	21	27	32	36	
C	114	40881	42846	69917	156286	669159	
C	115	14	21	27	32	36	
C	115	41425	43403	70988	158127	667701	
C	116	14	21	27	32	36	
C	116	41799	43879	72851	166026	668605	
C	117	14	21	27	32	36	
C	117	42770	44921	77317	184827	671585	
C	118	14	21	27	32	36	
C	118	43387	45546	78263	183987	671519	
C	119	14	21	27	32	36	
C	119	43760	46038	83144	206828	672136	
C	120	14	21	27	32	36	
C	120	44109	46332	82687	198865	672492	
C	121	14	21	27	32	36	
C	121	44931	47254	85258	204531	670637	
C	122	14	21	27	32	36	
C	122	46080	48718	88079	210660	670155	
C	123	14	21	27	32	36	
C	123	46651	49327	89251	210960	668517	
C	124	14	21	27	32	36	
C	124	46314	49272	90383	216025	666748	
C	125	14	21	27	32	36	
C	125	47961	51027	93470	219668	666552	
C	126	14	21	27	32	36	
C	126	47773	51171	94610	222903	668238	
C	127	14	21	27	32	36	
C	127	49172	52796	96730	227279	670817	
C	128	14	21	27	32	36	
C	128	48856	52763	96545	232344	671314	
C	129	14	21	27	32	36	
C	129	50018	53894	97432	230160	671249	
C	130	14	21	27	32	36	
C	130	50308	55187	101591	250619	669311	
C	131	14	21	27	32	36	
C	131	50736	55510	101384	246124	670078	
C	132	14	21	27	32	36	
C	132	50977	56385	102036	255709	667656	
C	133	14	21	27	32	36	
C	133	51198	56851	102609	254925	667289	
C	134	14	21	27	32	36	
C	134	51648	58141	104560	262730	666693	
C	135	14	21	27	32	36	
C	135	52805	59979	107068	273059	667468	
C	136	14	21	27	32	36	
C	136	53411	60498	107618	270302	667520	
C	137	14	21	27	32	36	
C	137	53786	62024	110230	284790	670033	
C	138	14	21	27	32	36	
C	138	54531	62416	110013	274416	670094	
C	139	14	21	27	32	36	
C	139	54711	63529	111952	285312	669149	
C	140	14	21	27	32	36	
C	140	55337	64021	112380	281214	668684	
C	141	14	21	27	32	36	
C	141	55744	65388	114150	290331	669805	
C	142	14	21	27	32	36	
C	142	55736	65639	113477	290157	667646	
C	143	14	21	27	32	36	
C	143	55726	65830	115166	293397	665851	
C	144	14	21	27	32	36	
C	144	56874	67826	117950	306354	665839	
C	145	14	21	27	32	36	
C	145	57477	68762	119203	309904	665272	
C	146	14	21	27	32	36	
C	146	58097	69909	121071	319005	667183	
C	147	14	21	27	32	36	
C	147	58387	70497	121534	320371	667189	
C	148	14	21	27	32	36	
C	148	59117	71786	124272	330174	669250	
C	149	14	21	27	32	36	
C	149	59735	72406	124704	330121	669787	
N	0	2	
N	0	2548	
N	1	2	
N	1	674	
N	2	2	
N	2	121	
N	3	2	
N	3	15	
N	4	2	
N	4	2	
N	5	2	
N	5	22	
N	6	2	
N	6	9	
N	7	2	
N	7	19	
N	8	2	
N	8	66	
N	9	2	
N	9	90	
N	10	2	
N	10	206	
N	11	2	
N	11	67	
N	12	2	
N	12	189	
N	13	2	
N	13	65	
N	14	2	
N	14	65	
N	15	2	
N	15	22	
N	16	2	
N	16	10	
N	17	2	
N	17	18	
N	18	2	
N	18	30	
N	19	2	
N	19	25	
N	20	2	
N	20	31	
N	21	2	
N	21	31	
N	22	2	
N	22	11	
N	23	2	
N	23	3	
N	24	2	
N	24	1	
N	25	
N	25	
N	26	2	
N	26	29	
N	27	2	
N	27	19	
N	28	2	
N	28	12	
N	29	2	
N	29	13	
N	30	
N	30	
N	31	2	
N	31	24	
N	32	2	
N	32	1	
N	33	2	
N	33	19	
N	34	2	
N	34	17	
N	35	
N	35	
N	36	2	
N	36	31	
N	37	2	
N	37	1	
N	38	2	
N	38	9	
N	39	2	
N	39	28	
N	40	2	
N	40	322	
N	41	2	
N	41	486	
N	42	2	
N	42	860	
N	43	2	
N	43	1191	
N	44	2	
N	44	1181	
N	45	2	
N	45	1507	
N	46	2	
N	46	1161	
N	47	2	
N	47	1764	
N	48	2	
N	48	1382	
N	49	2	
N	49	1636	
N	50	2	
N	50	1228	
N	51	2	
N	51	1212	
N	52	2	
N	52	992	
N	53	2	
N	53	846	
N	54	2	
N	54	695	
N	55	2	
N	55	670	
N	56	2	
N	56	431	
N	57	2	
N	57	277	
N	58	2	
N	58	149	
N	59	2	
N	59	64	
N	60	2	
N	60	147	
N	61	2	
N	61	31	
N	62	2	
N	62	36	
N	63	2	
N	63	38	
N	64	
N	64	
N	65	2	
N	65	64	
N	66	2	
N	66	1	
N	67	
N	67	
N	68	2	
N	68	12	
N	69	2	
N	69	12	
N	70	2	
N	70	18	
N	71	2	
N	71	19	
N	72	2	
N	72	6	
N	73	2	
N	73	62	
N	74	2	
N	74	1	
N	75	2	
N	75	18	
N	76	2	
N	76	19	
N	77	2	
N	77	34	
N	78	2	
N	78	161	
N	79	2	
N	79	269	
N	80	2	
N	80	701	
N	81	2	
N	81	946	
N	82	2	
N	82	996	
N	83	2	
N	83	949	
N	84	2	
N	84	1049	
N	85	2	
N	85	791	
N	86	2	
N	86	803	
N	87	2	
N	87	606	
N	88	2	
N	88	573	
N	89	2	
N	89	531	
N	90	2	
N	90	538	
N	91	2	
N	91	565	
N	92	2	
N	92	394	
N	93	2	
N	93	355	
N	94	2	
N	94	341	
N	95	2	
N	95	241	
N	96	2	
N	96	231	
N	97	2	
N	97	153	
N	98	2	
N	98	85	
N	99	2	
N	99	75	
N	100	2	
N	100	27	
N	101	2	
N	101	21	
N	102	2	
N	102	25	
N	103	2	
N	103	20	
N	104	2	
N	104	42	
N	105	2	
N	105	28	
N	106	2	
N	106	38	
N	107	2	
N	107	44	
N	108	2	
N	108	42	
N	109	2	
N	109	35	
N	110	2	
N	110	60	
N	111	2	
N	111	17	
N	112	2	
N	112	62	
N	113	2	
N	113	394	
N	114	2	
N	114	467	
N	115	2	
N	115	607	
N	116	2	
N	116	691	
N	117	2	
N	117	694	
N	118	2	
N	118	783	
N	119	2	
N	119	727	
N	120	2	
N	120	771	
N	121	2	
N	121	662	
N	122	2	
N	122	665	
N	123	2	
N	123	667	
N	124	2	
N	124	645	
N	125	2	
N	125	657	
N	126	2	
N	126	541	
N	127	2	
N	127	590	
N	128	2	
N	128	456	
N	129	2	
N	129	424	
N	130	2	
N	130	442	
N	131	2	
N	131	361	
N	132	2	
N	132	271	
N	133	2	
N	133	214	
N	134	2	
N	134	173	
N	135	2	
N	135	137	
N	136	2	
N	136	32	
N	137	2	
N	137	78	
N	138	2	
N	138	22	
N	139	2	
N	139	9	
N	140	2	
N	140	72	
N	141	2	
N	141	29	
N	142	2	
N	142	8	
N	143	2	
N	143	7	
N	144	2	
N	144	36	
N	145	2	
N	145	16	
N	146	2	
N	146	18	
N	147	2	
N	147	8	
N	148	2	
N	148	12	
N	149	2	
N	149	19	
