.	0	2	14	21	27	32	
.	0	179	96073	172639	174608	3454888	
.	1	2	14	21	27	32	
.	1	1	97442	196722	200340	3454888	
.	2	14	21	27	32	
.	2	68122	105423	106597	3454888	
.	3	14	21	27	32	
.	3	53209	84178	85402	3454888	
.	4	14	21	27	32	
.	4	45006	74229	75533	3454888	
.	5	2	14	21	27	32	36	
.	5	114	61295	116340	120279	267004	3454888	
.	6	14	21	27	32	36	
.	6	57760	101152	103995	247078	3454888	
.	7	2	14	21	27	32	36	
.	7	15	66129	102700	105281	254064	3454888	
.	8	14	21	27	32	36	
.	8	81866	123101	131398	304535	3454888	
.	9	2	14	21	27	32	36	
.	9	14	94370	141519	151694	306885	3454888	
.	10	2	14	21	27	32	36	
.	10	22	68800	99999	107326	246833	3454888	
.	11	14	21	27	32	36	
.	11	66726	97677	105642	242482	3454888	
.	12	2	14	21	27	32	36	
.	12	15	66746	95669	104701	238289	3454888	
.	13	2	14	21	27	32	36	
.	13	10	72045	112689	122517	257256	3454888	
.	14	2	14	21	27	32	36	
.	14	5	72238	99089	109520	243489	3454888	
.	15	2	14	21	27	32	36	
.	15	24	72861	100953	111075	245757	3454888	
.	16	2	14	21	27	32	36	
.	16	35	72327	100425	110630	244161	3454888	
.	17	2	14	21	27	32	36	
.	17	53	74387	107861	117647	253587	3454888	
.	18	2	14	21	27	32	36	
.	18	18	76043	102734	111479	245837	3454888	
.	19	2	14	21	27	32	36	
.	19	10	76079	102915	111690	246135	3454888	
.	20	2	14	21	27	32	36	
.	20	46	77920	104004	112134	245111	3454888	
.	21	2	14	21	27	32	36	
.	21	44	88605	120434	128324	262352	3454888	
.	22	2	14	21	27	32	36	
.	22	21	83698	106590	114063	248572	3454888	
.	23	2	14	21	27	32	36	
.	23	74	86012	107931	115522	249629	3454888	
.	24	2	14	21	27	32	36	
.	24	33	93745	123699	130729	264744	3454888	
.	25	2	14	21	27	32	36	
.	25	99	97884	128467	135258	268564	3454888	
.	26	2	14	21	27	32	36	
.	26	67	94104	115683	121991	255463	3454888	
.	27	2	14	21	27	32	36	
.	27	267	96931	118745	124785	258805	3454888	
.	28	2	14	21	27	32	36	
.	28	22	104077	125555	131381	268458	3454888	
.	29	2	14	21	27	32	36	
.	29	73	102440	123698	129445	265995	3454888	
.	30	2	14	21	27	32	36	
.	30	10	107567	129521	135607	274119	3454888	
.	31	2	14	21	27	32	36	
.	31	52	109432	131513	137491	276082	3454888	
.	32	2	14	21	27	32	36	
.	32	4	110747	133076	139221	277896	3454888	
.	33	2	14	21	27	32	36	
.	33	44	113514	137339	143388	281536	3454888	
.	34	2	14	21	27	32	36	
.	34	7	116661	142526	148058	286285	3454888	
.	35	2	14	21	27	32	36	
.	35	22	118041	146309	151440	287513	3454888	
.	36	2	14	21	27	32	36	
.	36	46	121153	153749	158693	289865	3454888	
.	37	2	14	21	27	32	36	
.	37	3	121614	159996	164670	288976	3454888	
.	38	2	14	21	27	32	36	
.	38	31	124647	169915	174607	294668	3454888	
.	39	2	14	21	27	32	36	
.	39	5	126789	176028	181146	297669	3454888	
.	40	2	14	21	27	32	36	
.	40	107	133387	185497	190776	309448	3454888	
.	41	2	14	21	27	32	36	
.	41	41	140251	191837	198116	320371	3454888	
.	42	2	14	21	27	32	36	
.	42	312	147124	199658	207103	337456	3454888	
.	43	2	14	21	27	32	36	
.	43	294	152966	204192	214031	351388	3454888	
.	44	2	14	21	27	32	36	
.	44	675	161499	211547	224282	371307	3454888	
.	45	2	14	21	27	32	36	
.	45	864	166831	215416	230641	385548	3454888	
.	46	2	14	21	27	32	36	
.	46	792	171693	218946	236542	404056	3454888	
.	47	2	14	21	27	32	36	
.	47	1215	177528	224715	244186	422614	3454888	
.	48	2	14	21	27	32	36	
.	48	1066	181322	228616	249554	436993	3454888	
.	49	2	14	21	27	32	36	
.	49	892	185727	232660	254929	450723	3454888	
.	50	2	14	21	27	32	36	
.	50	926	187480	233461	257358	460099	3454888	
.	51	2	14	21	27	32	36	
.	51	738	190621	236713	261259	472653	3454888	
.	52	2	14	21	27	32	36	
.	52	829	193458	240509	266084	482495	3454888	
.	53	2	14	21	27	32	36	
.	53	432	198033	246793	275181	502496	3454888	
.	54	2	14	21	27	32	36	
.	54	469	201588	250925	282302	524113	3454888	
.	55	2	14	21	27	32	36	
.	55	324	206553	256426	290152	543362	3454888	
.	56	2	14	21	27	32	36	
.	56	563	210888	260220	299953	568975	3454888	
.	57	2	14	21	27	32	36	
.	57	231	214599	264725	307399	585498	3454888	
.	58	2	14	21	27	32	36	
.	58	287	219216	269180	318479	605891	3454888	
.	59	2	14	21	27	32	36	
.	59	77	222466	273287	325491	620999	3454888	
.	60	2	14	21	27	32	36	
.	60	131	224854	275749	331689	630618	3454888	
.	61	2	14	21	27	32	36	
.	61	83	230413	282730	341916	646854	3454888	
.	62	2	14	21	27	32	36	
.	62	89	233991	286988	349655	658517	3454888	
.	63	2	14	21	27	32	36	
.	63	79	238638	291820	355018	668800	3454888	
.	64	2	14	21	27	32	36	
.	64	114	242935	296537	363342	680620	3454888	
.	65	2	14	21	27	32	36	
.	65	40	249341	300227	368529	690850	3454888	
.	66	2	14	21	27	32	36	
.	66	80	254074	303877	373860	699818	3454888	
.	67	2	14	21	27	32	36	
.	67	51	261058	309393	380857	710969	3454888	
.	68	2	14	21	27	32	36	
.	68	134	266317	313882	385871	721867	3454888	
.	69	2	14	21	27	32	36	
.	69	19	271987	318369	391438	729103	3454888	
.	70	2	14	21	27	32	36	
.	70	149	276853	321462	395048	735829	3454888	
.	71	2	14	21	27	32	36	
.	71	186	282632	325596	400593	745911	3454888	
.	72	2	14	21	27	32	36	
.	72	142	288368	329193	405695	752549	3454888	
.	73	2	14	21	27	32	36	
.	73	113	293764	333624	412624	767232	3454888	
.	74	2	14	21	27	32	36	
.	74	133	300675	339176	419003	777718	3454888	
.	75	2	14	21	27	32	36	
.	75	227	306289	344093	425515	788204	3454888	
.	76	2	14	21	27	32	36	
.	76	167	313957	351827	435479	805921	3454888	
.	77	2	14	21	27	32	36	
.	77	122	317402	355297	440248	816121	3454888	
.	78	2	14	21	27	32	36	
.	78	94	323772	361296	448507	826782	3454888	
.	79	2	14	21	27	32	36	
.	79	92	328467	365094	453026	837404	3454888	
.	80	2	14	21	27	32	36	
.	80	113	335168	371281	462481	854705	3454888	
.	81	2	14	21	27	32	36	
.	81	192	339848	375906	469661	866597	3454888	
.	82	2	14	21	27	32	36	
.	82	143	343303	379170	474586	875462	3454888	
.	83	2	14	21	27	32	36	
.	83	442	347915	384568	482096	889268	3454888	
.	84	2	14	21	27	32	36	
.	84	345	351597	388869	487995	897119	3454888	
.	85	2	14	21	27	32	36	
.	85	532	357309	394608	497621	913630	3454888	
.	86	2	14	21	27	32	36	
.	86	470	358319	396072	502129	920209	3454888	
.	87	2	14	21	27	32	36	
.	87	955	365495	403102	511496	935081	3454888	
.	88	2	14	21	27	32	36	
.	88	829	365163	403592	515591	941973	3454888	
.	89	2	14	21	27	32	36	
.	89	1085	371849	410272	528326	958716	3454888	
.	90	2	14	21	27	32	36	
.	90	1544	375805	413835	534440	968788	3454888	
.	91	2	14	21	27	32	36	
.	91	1381	376569	412073	539802	976728	3454888	
.	92	2	14	21	27	32	36	
.	92	1810	374071	408495	541382	981882	3454888	
.	93	2	14	21	27	32	36	
.	93	1168	373369	406410	547654	990465	3454888	
.	94	2	14	21	27	32	36	
.	94	1285	370862	402433	550387	1002255	3454888	
.	95	2	14	21	27	32	36	
.	95	1124	370538	401793	554950	1011675	3454888	
.	96	2	14	21	27	32	36	
.	96	1137	369822	400149	558488	1020954	3454888	
.	97	2	14	21	27	32	36	
.	97	938	368919	398964	559344	1025235	3454888	
.	98	2	14	21	27	32	36	
.	98	871	368299	398411	563165	1036010	3454888	
.	99	2	14	21	27	32	36	
.	99	754	371411	401664	567794	1042907	3454888	
.	100	2	14	21	27	32	36	
.	100	740	372836	402691	569801	1050281	3454888	
.	101	2	14	21	27	32	36	
.	101	800	373982	403846	574019	1060250	3454888	
.	102	2	14	21	27	32	36	
.	102	588	380105	411096	584482	1071222	3454888	
.	103	2	14	21	27	32	36	
.	103	772	382257	414294	595778	1082880	3454888	
.	104	2	14	21	27	32	36	
.	104	399	386637	419551	604877	1090942	3454888	
.	105	2	14	21	27	32	36	
.	105	504	391621	425048	614885	1097138	3454888	
.	106	2	14	21	27	32	36	
.	106	342	395945	429392	623057	1098658	3454888	
.	107	2	14	21	27	32	36	
.	107	498	397331	430350	631415	1101096	3454888	
.	108	2	14	21	27	32	36	
.	108	247	399540	432343	636470	1100020	3454888	
.	109	2	14	21	27	32	36	
.	109	267	403345	435222	641941	1099635	3454888	
.	110	2	14	21	27	32	36	
.	110	347	406978	438211	651321	1114691	3454888	
.	111	2	14	21	27	32	36	
.	111	291	410781	441020	659591	1126325	3454888	
.	112	2	14	21	27	32	36	
.	112	315	407864	437032	661597	1134368	3454888	
.	113	2	14	21	27	32	36	
.	113	119	409817	437255	667731	1145843	3454888	
.	114	2	14	21	27	32	36	
.	114	117	412493	439148	677296	1161032	3454888	
.	115	2	14	21	27	32	36	
.	115	102	407249	431185	676709	1168740	3454888	
.	116	2	14	21	27	32	36	
.	116	84	409380	432239	676907	1166576	3454888	
.	117	2	14	21	27	32	36	
.	117	35	406701	427317	679158	1171694	3454888	
.	118	2	14	21	27	32	36	
.	118	135	406685	425660	674307	1166853	3454888	
.	119	2	14	21	27	32	36	
.	119	26	405905	422876	678895	1179592	3454888	
.	120	2	14	21	27	32	36	
.	120	134	404117	419372	676112	1178217	3454888	
.	121	2	14	21	27	32	36	
.	121	115	404485	418897	673451	1172991	3454888	
.	122	2	14	21	27	32	36	
.	122	252	406042	419747	681957	1189257	3454888	
.	123	2	14	21	27	32	36	
.	123	344	407210	420397	684545	1198423	3454888	
.	124	2	14	21	27	32	36	
.	124	352	407634	420432	681213	1196365	3454888	
.	125	2	14	21	27	32	36	
.	125	470	407859	419964	688501	1219035	3454888	
.	126	2	14	21	27	32	36	
.	126	703	410197	422902	692682	1230085	3454888	
.	127	2	14	21	27	32	36	
.	127	714	410042	423339	689047	1234284	3454888	
.	128	2	14	21	27	32	36	
.	128	912	412682	425854	691112	1236118	3454888	
.	129	2	14	21	27	32	36	
.	129	641	411947	427064	697301	1263996	3454888	
.	130	2	14	21	27	32	36	
.	130	572	412804	427265	693711	1255782	3454888	
.	131	2	14	21	27	32	36	
.	131	643	415449	431434	699958	1277439	3454888	
.	132	2	14	21	27	32	36	
.	132	755	414423	430935	697883	1283660	3454888	
.	133	2	14	21	27	32	36	
.	133	507	420644	437876	702587	1288065	3454888	
.	134	2	14	21	27	32	36	
.	134	265	418854	437551	698098	1294992	3454888	
.	135	2	14	21	27	32	36	
.	135	314	419772	440919	704573	1318617	3454888	
.	136	2	14	21	27	32	36	
.	136	276	421472	442414	701504	1307600	3454888	
.	137	2	14	21	27	32	36	
.	137	204	423521	447230	706521	1333506	3454888	
.	138	2	14	21	27	32	36	
.	138	103	422405	448482	702797	1338871	3454888	
.	139	2	14	21	27	32	36	
.	139	118	427284	451641	702927	1323593	3454888	
.	140	2	14	21	27	32	36	
.	140	61	426359	452505	698884	1323943	3454888	
.	141	2	14	21	27	32	36	
.	141	145	430898	458660	705618	1341215	3454888	
.	142	2	14	21	27	32	36	
.	142	72	428458	458138	700170	1342487	3454888	
.	143	2	14	21	27	32	36	
.	143	166	428850	459009	698255	1342651	3454888	
.	144	2	14	21	27	32	36	
.	144	31	433909	465799	705116	1354486	3454888	
.	145	2	14	21	27	32	36	
.	145	49	434713	467199	705393	1357738	3454888	
.	146	2	14	21	27	32	36	
.	146	39	437415	470778	708279	1362790	3454888	
.	147	2	14	21	27	32	36	
.	147	42	441430	475685	712951	1369634	3454888	
.	148	2	14	21	27	32	36	
.	148	20	442657	477773	711199	1367327	3454888	
.	149	2	14	21	27	32	36	
.	149	47	440444	476888	707997	1368770	3454888	
A	0	14	21	27	32	
A	0	39691	83412	83613	615947	
A	1	14	21	27	32	
A	1	55610	111223	113181	1343863	
A	2	14	21	27	32	
A	2	23539	38401	38907	967477	
A	3	14	21	27	32	
A	3	21714	34073	34684	1029568	
A	4	14	21	27	32	
A	4	19120	31562	32253	1063665	
A	5	14	21	27	32	36	
A	5	28555	68259	70088	140434	1385890	
A	6	14	21	27	32	36	
A	6	15897	44101	45112	90647	1033335	
A	7	14	21	27	32	36	
A	7	15747	37983	38673	83506	1014258	
A	8	14	21	27	32	36	
A	8	27839	59075	60098	127358	1192463	
A	9	14	21	27	32	36	
A	9	49502	87844	88918	158126	1229522	
A	10	14	21	27	32	36	
A	10	15455	36466	37254	77303	957920	
A	11	14	21	27	32	36	
A	11	15611	36611	37356	76417	960556	
A	12	14	21	27	32	36	
A	12	15943	36137	36834	76826	982906	
A	13	14	21	27	32	36	
A	13	23340	55449	56383	104427	1112695	
A	14	14	21	27	32	36	
A	14	20753	39830	40577	85516	1098948	
A	15	14	21	27	32	36	
A	15	21128	40914	41700	86368	1077726	
A	16	14	21	27	32	36	
A	16	21896	41940	42756	88129	1073468	
A	17	14	21	27	32	36	
A	17	24592	49224	50283	98266	1093920	
A	18	14	21	27	32	36	
A	18	22113	40521	41207	85435	1062998	
A	19	14	21	27	32	36	
A	19	23413	42034	42689	87910	1062977	
A	20	14	21	27	32	36	
A	20	24243	42659	43187	87067	1055942	
A	21	14	21	27	32	36	
A	21	33373	57823	58361	103613	1070883	
A	22	14	21	27	32	36	
A	22	25175	40679	40988	84495	1048176	
A	23	14	21	27	32	36	
A	23	27345	42620	42877	87029	1069076	
A	24	14	21	27	32	36	
A	24	34970	58091	58311	104500	1096364	
A	25	14	21	27	32	36	
A	25	36073	59437	59618	105745	1093759	
A	26	14	21	27	32	36	
A	26	30167	44021	44164	88808	1070882	
A	27	14	21	27	32	36	
A	27	31751	45728	45864	92078	1065334	
A	28	14	21	27	32	36	
A	28	33235	46260	46399	93393	1049470	
A	29	14	21	27	32	36	
A	29	35428	48319	48476	98143	1059584	
A	30	14	21	27	32	36	
A	30	38767	51979	52179	104418	1060198	
A	31	14	21	27	32	36	
A	31	39735	52538	52737	105984	1057842	
A	32	14	21	27	32	36	
A	32	41174	53859	54131	109095	1067542	
A	33	14	21	27	32	36	
A	33	43069	56392	56722	112530	1066255	
A	34	14	21	27	32	36	
A	34	44852	59079	59410	117155	1071627	
A	35	14	21	27	32	36	
A	35	46352	61859	62213	120711	1077459	
A	36	14	21	27	32	36	
A	36	47865	66189	66589	123099	1075267	
A	37	14	21	27	32	36	
A	37	47102	70639	70969	123022	1068146	
A	38	14	21	27	32	36	
A	38	48605	78681	78973	127690	1067018	
A	39	14	21	27	32	36	
A	39	50121	84338	84662	131741	1059359	
A	40	14	21	27	32	36	
A	40	54656	91644	92238	141646	1055854	
A	41	14	21	27	32	36	
A	41	60198	96770	97817	152347	1058616	
A	42	14	21	27	32	36	
A	42	63977	101024	103100	162653	1055066	
A	43	14	21	27	32	36	
A	43	66905	103587	107062	172181	1061553	
A	44	14	21	27	32	36	
A	44	71599	108145	113598	184768	1072604	
A	45	14	21	27	32	36	
A	45	74899	110502	117541	193630	1069751	
A	46	14	21	27	32	36	
A	46	78026	112717	121517	204143	1069640	
A	47	14	21	27	32	36	
A	47	81196	115860	126040	213586	1071128	
A	48	14	21	27	32	36	
A	48	83249	117412	128367	218408	1059800	
A	49	14	21	27	32	36	
A	49	85077	118505	129774	222487	1055265	
A	50	14	21	27	32	36	
A	50	86293	118385	130129	225257	1058800	
A	51	14	21	27	32	36	
A	51	87079	119172	130889	230032	1055964	
A	52	14	21	27	32	36	
A	52	88808	121341	133298	232573	1059955	
A	53	14	21	27	32	36	
A	53	91906	126140	139311	244427	1067060	
A	54	14	21	27	32	36	
A	54	93507	128703	143495	256008	1064637	
A	55	14	21	27	32	36	
A	55	96925	132912	149017	266725	1067414	
A	56	14	21	27	32	36	
A	56	99475	135287	153861	281257	1068183	
A	57	14	21	27	32	36	
A	57	101382	138054	158135	290329	1064137	
A	58	14	21	27	32	36	
A	58	103739	140219	162773	300319	1059032	
A	59	14	21	27	32	36	
A	59	105161	142402	165728	307417	1056266	
A	60	14	21	27	32	36	
A	60	105825	143316	167653	309850	1050183	
A	61	14	21	27	32	36	
A	61	107863	146518	171745	316318	1053403	
A	62	14	21	27	32	36	
A	62	109570	148802	175166	320813	1053864	
A	63	14	21	27	32	36	
A	63	111756	150991	177492	325607	1059391	
A	64	14	21	27	32	36	
A	64	113565	153548	181611	331420	1066096	
A	65	14	21	27	32	36	
A	65	118325	156427	184788	337636	1067079	
A	66	14	21	27	32	36	
A	66	120138	157199	186475	340114	1061425	
A	67	14	21	27	32	36	
A	67	123274	159593	189398	345010	1058876	
A	68	14	21	27	32	36	
A	68	126921	162425	192004	349924	1059774	
A	69	14	21	27	32	36	
A	69	130727	165738	195679	355590	1057766	
A	70	14	21	27	32	36	
A	70	132999	166851	196919	357935	1053807	
A	71	14	21	27	32	36	
A	71	136783	169513	200063	363635	1055412	
A	72	14	21	27	32	36	
A	72	140897	172101	203751	368929	1056504	
A	73	14	21	27	32	36	
A	73	145740	176469	209427	379084	1062549	
A	74	14	21	27	32	36	
A	74	149610	179456	213096	385117	1064413	
A	75	14	21	27	32	36	
A	75	153154	182439	216865	391000	1064471	
A	76	14	21	27	32	36	
A	76	158732	188161	224372	403253	1066711	
A	77	14	21	27	32	36	
A	77	161159	190698	227748	408803	1068151	
A	78	14	21	27	32	36	
A	78	164594	193714	231934	414821	1062598	
A	79	14	21	27	32	36	
A	79	168121	196579	235485	421297	1060533	
A	80	14	21	27	32	36	
A	80	173672	201342	242350	430872	1060054	
A	81	14	21	27	32	36	
A	81	177263	204764	247659	438786	1059027	
A	82	14	21	27	32	36	
A	82	180857	208098	252352	445436	1059862	
A	83	14	21	27	32	36	
A	83	184149	211934	257933	453410	1064154	
A	84	14	21	27	32	36	
A	84	186690	214995	261803	458487	1066366	
A	85	14	21	27	32	36	
A	85	190619	218681	268012	467414	1070269	
A	86	14	21	27	32	36	
A	86	190924	219148	269877	469988	1072427	
A	87	14	21	27	32	36	
A	87	194312	222442	274376	475903	1070851	
A	88	14	21	27	32	36	
A	88	193301	221732	275553	477821	1066457	
A	89	14	21	27	32	36	
A	89	196060	224236	281522	483896	1062814	
A	90	14	21	27	32	36	
A	90	195988	223191	282473	483816	1058643	
A	91	14	21	27	32	36	
A	91	193538	218233	282817	482587	1058412	
A	92	14	21	27	32	36	
A	92	186471	209543	278377	475275	1057050	
A	93	14	21	27	32	36	
A	93	181673	203327	277749	469726	1055703	
A	94	14	21	27	32	36	
A	94	174855	194609	274151	465615	1058210	
A	95	14	21	27	32	36	
A	95	170646	189709	273669	461707	1058597	
A	96	14	21	27	32	36	
A	96	165788	184195	270823	456984	1053025	
A	97	14	21	27	32	36	
A	97	161381	179025	266786	450778	1048032	
A	98	14	21	27	32	36	
A	98	157359	174922	264150	446840	1043894	
A	99	14	21	27	32	36	
A	99	156965	174499	263979	444342	1039345	
A	100	14	21	27	32	36	
A	100	155031	172413	262038	441645	1039311	
A	101	14	21	27	32	36	
A	101	153466	170907	260854	443165	1039883	
A	102	14	21	27	32	36	
A	102	154487	172966	263429	442579	1039397	
A	103	14	21	27	32	36	
A	103	153887	173235	267131	446080	1042246	
A	104	14	21	27	32	36	
A	104	154393	174201	270366	450571	1045939	
A	105	14	21	27	32	36	
A	105	155553	175826	274695	453998	1045171	
A	106	14	21	27	32	36	
A	106	156503	176285	277162	456449	1049487	
A	107	14	21	27	32	36	
A	107	156992	176474	281384	461208	1048090	
A	108	14	21	27	32	36	
A	108	157326	176326	283124	461432	1043741	
A	109	14	21	27	32	36	
A	109	157850	175964	283895	460809	1040572	
A	110	14	21	27	32	36	
A	110	159277	176888	287268	464119	1040617	
A	111	14	21	27	32	36	
A	111	159809	176998	289581	465514	1038773	
A	112	14	21	27	32	36	
A	112	157351	173863	289072	466759	1039828	
A	113	14	21	27	32	36	
A	113	158259	173504	291971	470525	1042433	
A	114	14	21	27	32	36	
A	114	159278	174049	295070	474723	1044119	
A	115	14	21	27	32	36	
A	115	157056	170002	294989	478146	1045901	
A	116	14	21	27	32	36	
A	116	158832	170545	294852	476419	1047508	
A	117	14	21	27	32	36	
A	117	158152	168272	296574	479208	1046467	
A	118	14	21	27	32	36	
A	118	157136	165566	291921	474522	1043883	
A	119	14	21	27	32	36	
A	119	156340	163199	292685	477243	1042880	
A	120	14	21	27	32	36	
A	120	156334	161846	290877	476382	1041725	
A	121	14	21	27	32	36	
A	121	156543	161271	289035	474687	1044895	
A	122	14	21	27	32	36	
A	122	157625	161851	292786	480770	1048010	
A	123	14	21	27	32	36	
A	123	158422	162244	292987	483514	1047786	
A	124	14	21	27	32	36	
A	124	158369	161717	290862	481779	1050835	
A	125	14	21	27	32	36	
A	125	158686	161891	293417	490097	1052995	
A	126	14	21	27	32	36	
A	126	159927	163308	294465	494048	1051642	
A	127	14	21	27	32	36	
A	127	159874	163651	291600	493453	1052870	
A	128	14	21	27	32	36	
A	128	159664	163146	289674	491890	1052144	
A	129	14	21	27	32	36	
A	129	159514	164021	291279	500843	1051283	
A	130	14	21	27	32	36	
A	130	159047	163103	286974	494590	1050726	
A	131	14	21	27	32	36	
A	131	161144	165827	289817	503120	1050190	
A	132	14	21	27	32	36	
A	132	160098	165016	287062	502061	1051461	
A	133	14	21	27	32	36	
A	133	163405	168265	288623	503282	1056632	
A	134	14	21	27	32	36	
A	134	162768	168136	285685	503030	1058860	
A	135	14	21	27	32	36	
A	135	163909	170034	287478	509584	1057480	
A	136	14	21	27	32	36	
A	136	164271	169963	283874	502117	1060948	
A	137	14	21	27	32	36	
A	137	165343	171845	283916	506284	1058748	
A	138	14	21	27	32	36	
A	138	164228	171077	279864	500488	1057529	
A	139	14	21	27	32	36	
A	139	165057	171220	276762	490688	1056388	
A	140	14	21	27	32	36	
A	140	164752	171326	273120	484971	1056152	
A	141	14	21	27	32	36	
A	141	165978	172953	273471	485453	1056525	
A	142	14	21	27	32	36	
A	142	165387	172897	270406	482410	1059445	
A	143	14	21	27	32	36	
A	143	164774	172318	267477	478033	1061691	
A	144	14	21	27	32	36	
A	144	167039	174925	269140	477694	1059991	
A	145	14	21	27	32	36	
A	145	167217	175399	266774	472118	1062552	
A	146	14	21	27	32	36	
A	146	167599	176145	265524	469171	1062450	
A	147	14	21	27	32	36	
A	147	169477	177946	266544	469020	1063368	
A	148	14	21	27	32	36	
A	148	168806	177511	262769	460891	1060222	
A	149	14	21	27	32	36	
A	149	167395	176527	259889	458760	1062396	
T	0	14	21	27	32	
T	0	23479	32462	32518	1022441	
T	1	14	21	27	32	
T	1	16834	29058	29251	670743	
T	2	14	21	27	32	
T	2	26614	35886	36096	1279191	
T	3	14	21	27	32	
T	3	14772	16976	17047	943545	
T	4	14	21	27	32	
T	4	12967	14343	14445	941021	
T	5	14	21	27	32	36	
T	5	17616	21359	22294	59051	906967	
T	6	14	21	27	32	36	
T	6	19117	24277	25105	69109	976074	
T	7	14	21	27	32	36	
T	7	17963	20907	21807	60816	900868	
T	8	14	21	27	32	36	
T	8	20552	25185	28338	72257	1008802	
T	9	14	21	27	32	36	
T	9	21527	23315	27666	65533	966331	
T	10	14	21	27	32	36	
T	10	25863	29425	32125	75930	969367	
T	11	14	21	27	32	36	
T	11	20552	24723	27269	65276	962805	
T	12	14	21	27	32	36	
T	12	26878	30892	35290	83260	1224591	
T	13	14	21	27	32	36	
T	13	22909	25627	29828	68067	1024733	
T	14	14	21	27	32	36	
T	14	25589	28228	33020	74475	1067192	
T	15	14	21	27	32	36	
T	15	23892	26941	31132	71714	1065522	
T	16	14	21	27	32	36	
T	16	23604	26206	30677	69664	1046480	
T	17	14	21	27	32	36	
T	17	23233	25894	29945	69057	1038466	
T	18	14	21	27	32	36	
T	18	26505	29183	33252	75234	1056564	
T	19	14	21	27	32	36	
T	19	23441	26003	29819	68592	1027209	
T	20	14	21	27	32	36	
T	20	24582	27025	30575	69773	1042601	
T	21	14	21	27	32	36	
T	21	25351	27484	30885	70943	1059537	
T	22	14	21	27	32	36	
T	22	26365	28849	32151	73117	1065756	
T	23	14	21	27	32	36	
T	23	26876	28818	32331	73450	1067346	
T	24	14	21	27	32	36	
T	24	27339	29236	32415	72868	1074735	
T	25	14	21	27	32	36	
T	25	28268	30117	33346	73742	1061847	
T	26	14	21	27	32	36	
T	26	28524	30593	33441	73391	1054569	
T	27	14	21	27	32	36	
T	27	29017	31222	34031	74165	1053877	
T	28	14	21	27	32	36	
T	28	34629	37137	39940	83350	1075546	
T	29	14	21	27	32	36	
T	29	29520	31733	34153	73622	1054485	
T	30	14	21	27	32	36	
T	30	30544	32661	35243	74739	1057816	
T	31	14	21	27	32	36	
T	31	31262	33520	36126	75557	1067093	
T	32	14	21	27	32	36	
T	32	31390	33638	36256	75563	1078278	
T	33	14	21	27	32	36	
T	33	31496	33991	36654	75558	1089365	
T	34	14	21	27	32	36	
T	34	31782	34535	36958	74639	1086263	
T	35	14	21	27	32	36	
T	35	30898	33913	36116	72276	1075590	
T	36	14	21	27	32	36	
T	36	31051	34464	36621	71440	1066831	
T	37	14	21	27	32	36	
T	37	30329	34203	36379	69510	1058382	
T	38	14	21	27	32	36	
T	38	30227	34383	36546	68747	1057895	
T	39	14	21	27	32	36	
T	39	29862	33957	36271	67188	1061366	
T	40	14	21	27	32	36	
T	40	29664	33653	35758	65492	1060816	
T	41	14	21	27	32	36	
T	41	29757	33693	35999	64245	1068995	
T	42	14	21	27	32	36	
T	42	30528	34608	36824	65404	1085331	
T	43	14	21	27	32	36	
T	43	30146	33944	36481	63721	1080472	
T	44	14	21	27	32	36	
T	44	30607	34185	36943	64599	1081435	
T	45	14	21	27	32	36	
T	45	30616	34274	37187	64792	1080986	
T	46	14	21	27	32	36	
T	46	30040	33480	36261	65106	1066938	
T	47	14	21	27	32	36	
T	47	30503	34031	36689	66958	1061973	
T	48	14	21	27	32	36	
T	48	31015	34899	37575	69716	1061735	
T	49	14	21	27	32	36	
T	49	31736	35858	38581	72286	1057158	
T	50	14	21	27	32	36	
T	50	32672	37066	39928	75165	1059781	
T	51	14	21	27	32	36	
T	51	33956	38363	41373	78501	1067875	
T	52	14	21	27	32	36	
T	52	34620	39072	42309	81094	1069834	
T	53	14	21	27	32	36	
T	53	34972	39414	43205	83440	1080281	
T	54	14	21	27	32	36	
T	54	35126	39562	43720	86348	1082599	
T	55	14	21	27	32	36	
T	55	34632	38804	43291	86896	1072836	
T	56	14	21	27	32	36	
T	56	34720	38821	44298	90086	1065138	
T	57	14	21	27	32	36	
T	57	35122	39176	45151	91771	1057951	
T	58	14	21	27	32	36	
T	58	35090	39044	46411	93262	1052478	
T	59	14	21	27	32	36	
T	59	34956	38843	47031	95407	1055127	
T	60	14	21	27	32	36	
T	60	35065	38886	47603	96483	1060092	
T	61	14	21	27	32	36	
T	61	35228	39211	48580	98688	1056611	
T	62	14	21	27	32	36	
T	62	36024	40070	49919	101232	1067317	
T	63	14	21	27	32	36	
T	63	36688	40955	50992	103549	1070787	
T	64	14	21	27	32	36	
T	64	36767	40941	51440	104100	1067969	
T	65	14	21	27	32	36	
T	65	37500	41482	52224	105518	1069855	
T	66	14	21	27	32	36	
T	66	38218	42098	52895	106839	1065170	
T	67	14	21	27	32	36	
T	67	38779	42399	53103	106539	1050649	
T	68	14	21	27	32	36	
T	68	39199	42925	53630	107443	1048113	
T	69	14	21	27	32	36	
T	69	40012	43483	54414	108411	1048359	
T	70	14	21	27	32	36	
T	70	41230	44338	55360	109254	1050577	
T	71	14	21	27	32	36	
T	71	42047	44902	56427	111055	1052068	
T	72	14	21	27	32	36	
T	72	42909	45481	57007	111133	1059731	
T	73	14	21	27	32	36	
T	73	43360	45796	57774	113349	1062985	
T	74	14	21	27	32	36	
T	74	45084	47320	59371	114781	1067405	
T	75	14	21	27	32	36	
T	75	45739	47819	60217	116144	1068476	
T	76	14	21	27	32	36	
T	76	46163	48106	60234	116438	1055507	
T	77	14	21	27	32	36	
T	77	46606	48454	60667	116900	1046962	
T	78	14	21	27	32	36	
T	78	47240	49118	61774	118108	1041562	
T	79	14	21	27	32	36	
T	79	47448	49134	61762	118332	1035386	
T	80	14	21	27	32	36	
T	80	48382	50030	63191	121859	1039524	
T	81	14	21	27	32	36	
T	81	49027	50756	63927	123653	1044338	
T	82	14	21	27	32	36	
T	82	49501	51124	64367	124790	1046783	
T	83	14	21	27	32	36	
T	83	50211	51851	65227	127646	1055181	
T	84	14	21	27	32	36	
T	84	50951	52620	66583	128920	1059463	
T	85	14	21	27	32	36	
T	85	51926	53610	67889	131243	1055105	
T	86	14	21	27	32	36	
T	86	51784	53525	68099	131442	1052840	
T	87	14	21	27	32	36	
T	87	53096	54841	70000	134649	1047279	
T	88	14	21	27	32	36	
T	88	53030	54818	70261	134473	1039026	
T	89	14	21	27	32	36	
T	89	53975	55808	72340	137446	1039059	
T	90	14	21	27	32	36	
T	90	55027	56845	73388	139238	1038175	
T	91	14	21	27	32	36	
T	91	55253	56997	74046	139696	1035607	
T	92	14	21	27	32	36	
T	92	55838	57615	74700	142116	1039291	
T	93	14	21	27	32	36	
T	93	56836	58597	76589	145276	1044376	
T	94	14	21	27	32	36	
T	94	57614	59318	77656	147887	1046410	
T	95	14	21	27	32	36	
T	95	58944	60720	79424	151355	1048638	
T	96	14	21	27	32	36	
T	96	59247	60978	80213	153305	1046326	
T	97	14	21	27	32	36	
T	97	59584	61355	80997	154921	1042053	
T	98	14	21	27	32	36	
T	98	61079	62843	82538	157287	1039577	
T	99	14	21	27	32	36	
T	99	61608	63470	83684	159041	1036590	
T	100	14	21	27	32	36	
T	100	62374	64209	84435	160679	1031965	
T	101	14	21	27	32	36	
T	101	62141	64003	85129	162087	1034434	
T	102	14	21	27	32	36	
T	102	63134	65065	87324	165403	1036042	
T	103	14	21	27	32	36	
T	103	63598	65626	89346	166052	1035914	
T	104	14	21	27	32	36	
T	104	65056	67236	92567	170751	1040470	
T	105	14	21	27	32	36	
T	105	65651	67995	95125	173496	1040367	
T	106	14	21	27	32	36	
T	106	67116	69579	98347	176082	1036535	
T	107	14	21	27	32	36	
T	107	67341	69836	100071	176812	1037129	
T	108	14	21	27	32	36	
T	108	68252	70767	102669	180152	1035873	
T	109	14	21	27	32	36	
T	109	69194	71758	104364	180789	1032834	
T	110	14	21	27	32	36	
T	110	69894	72370	106015	183729	1034138	
T	111	14	21	27	32	36	
T	111	70407	72849	107224	186002	1035011	
T	112	14	21	27	32	36	
T	112	70378	72713	107644	186658	1032839	
T	113	14	21	27	32	36	
T	113	70918	73227	109241	190557	1036092	
T	114	14	21	27	32	36	
T	114	72724	75050	112704	196806	1038860	
T	115	14	21	27	32	36	
T	115	72518	74539	112678	197651	1038084	
T	116	14	21	27	32	36	
T	116	74114	76301	115806	202833	1035585	
T	117	14	21	27	32	36	
T	117	74639	76705	117588	206671	1035537	
T	118	14	21	27	32	36	
T	118	76542	78652	119723	210907	1034961	
T	119	14	21	27	32	36	
T	119	77249	79380	122172	216355	1034241	
T	120	14	21	27	32	36	
T	120	78292	80196	123834	218777	1033091	
T	121	14	21	27	32	36	
T	121	79102	81218	125472	222564	1032638	
T	122	14	21	27	32	36	
T	122	80184	82213	128462	228067	1035345	
T	123	14	21	27	32	36	
T	123	81389	83550	130717	233117	1037167	
T	124	14	21	27	32	36	
T	124	82824	85036	131899	235173	1036822	
T	125	14	21	27	32	36	
T	125	83014	85154	133852	241438	1038012	
T	126	14	21	27	32	36	
T	126	83762	86189	136214	246789	1039217	
T	127	14	21	27	32	36	
T	127	83949	86446	136322	248672	1034067	
T	128	14	21	27	32	36	
T	128	85978	88624	139658	254311	1035415	
T	129	14	21	27	32	36	
T	129	86074	89183	141412	259346	1035620	
T	130	14	21	27	32	36	
T	130	87074	90148	142743	261913	1034431	
T	131	14	21	27	32	36	
T	131	87611	91048	144639	267412	1035137	
T	132	14	21	27	32	36	
T	132	87924	91579	144771	270411	1037213	
T	133	14	21	27	32	36	
T	133	89207	93223	147405	274632	1033424	
T	134	14	21	27	32	36	
T	134	89616	94024	147176	276834	1036337	
T	135	14	21	27	32	36	
T	135	90412	95400	149829	283363	1037323	
T	136	14	21	27	32	36	
T	136	90593	95665	149879	283989	1034945	
T	137	14	21	27	32	36	
T	137	91312	97289	152464	291716	1035013	
T	138	14	21	27	32	36	
T	138	91464	98046	152410	295166	1035367	
T	139	14	21	27	32	36	
T	139	93670	100044	155212	297133	1034665	
T	140	14	21	27	32	36	
T	140	93768	100476	154899	298203	1036301	
T	141	14	21	27	32	36	
T	141	94633	101845	156904	303617	1036124	
T	142	14	21	27	32	36	
T	142	94563	102251	156419	304659	1034685	
T	143	14	21	27	32	36	
T	143	95188	102986	157093	306427	1036436	
T	144	14	21	27	32	36	
T	144	96697	105033	159569	311460	1038337	
T	145	14	21	27	32	36	
T	145	97743	106006	160427	313695	1037574	
T	146	14	21	27	32	36	
T	146	98487	106910	161936	317359	1037050	
T	147	14	21	27	32	36	
T	147	98842	107682	162970	320837	1036533	
T	148	14	21	27	32	36	
T	148	99932	108877	163673	321237	1034029	
T	149	14	21	27	32	36	
T	149	100271	109377	164566	323127	1035373	
G	0	14	21	27	32	
G	0	24344	38557	40177	904688	
G	1	14	21	27	32	
G	1	17385	35062	36413	771063	
G	2	14	21	27	32	
G	2	10252	19512	19880	550493	
G	3	14	21	27	32	
G	3	10609	25352	25845	906576	
G	4	14	21	27	32	
G	4	7553	21832	22251	857527	
G	5	14	21	27	32	36	
G	5	5522	15887	16340	31499	605303	
G	6	14	21	27	32	36	
G	6	8183	16192	16405	35362	605306	
G	7	14	21	27	32	36	
G	7	14389	24178	24461	55235	918849	
G	8	14	21	27	32	36	
G	8	11620	15354	16287	39421	594699	
G	9	14	21	27	32	36	
G	9	11496	17735	18023	36987	613279	
G	10	14	21	27	32	36	
G	10	12109	16922	17457	38230	623612	
G	11	14	21	27	32	36	
G	11	12247	15932	16468	36521	609050	
G	12	14	21	27	32	36	
G	12	13174	16927	17440	37787	634935	
G	13	14	21	27	32	36	
G	13	13682	18643	19018	39867	664724	
G	14	14	21	27	32	36	
G	14	13712	17980	18435	39200	648486	
G	15	14	21	27	32	36	
G	15	13553	17679	18131	38357	644250	
G	16	14	21	27	32	36	
G	16	14642	19265	19661	41208	690171	
G	17	14	21	27	32	36	
G	17	13785	19098	19388	39396	665911	
G	18	14	21	27	32	36	
G	18	14669	19306	19628	40093	673147	
G	19	14	21	27	32	36	
G	19	16196	20975	21265	43505	698819	
G	20	14	21	27	32	36	
G	20	15561	19902	20166	41494	680190	
G	21	14	21	27	32	36	
G	21	15430	19764	19969	39659	648382	
G	22	14	21	27	32	36	
G	22	16302	20288	20533	40578	643794	
G	23	14	21	27	32	36	
G	23	17070	20933	21124	42164	666252	
G	24	14	21	27	32	36	
G	24	16482	20577	20751	40368	637760	
G	25	14	21	27	32	36	
G	25	17755	22301	22450	42028	650551	
G	26	14	21	27	32	36	
G	26	17806	22403	22574	42788	655818	
G	27	14	21	27	32	36	
G	27	18620	23315	23448	43437	660529	
G	28	14	21	27	32	36	
G	28	19104	23945	24095	44766	666079	
G	29	14	21	27	32	36	
G	29	19356	24494	24653	45107	667131	
G	30	14	21	27	32	36	
G	30	19777	25279	25521	46022	663387	
G	31	14	21	27	32	36	
G	31	19703	25616	25799	46149	659912	
G	32	14	21	27	32	36	
G	32	19669	25820	26039	45942	649791	
G	33	14	21	27	32	36	
G	33	20149	26776	26989	46706	646552	
G	34	14	21	27	32	36	
G	34	20868	28199	28431	48018	647780	
G	35	14	21	27	32	36	
G	35	21306	29314	29740	48738	653323	
G	36	14	21	27	32	36	
G	36	22582	31298	31843	50486	661419	
G	37	14	21	27	32	36	
G	37	24555	33146	33813	52913	669483	
G	38	14	21	27	32	36	
G	38	26757	35359	36126	56234	669017	
G	39	14	21	27	32	36	
G	39	28207	36697	37546	58549	670102	
G	40	14	21	27	32	36	
G	40	30179	38968	39787	62146	670414	
G	41	14	21	27	32	36	
G	41	31585	40281	41163	64235	661192	
G	42	14	21	27	32	36	
G	42	33907	42617	43587	69131	653387	
G	43	14	21	27	32	36	
G	43	36997	44950	46167	74143	654781	
G	44	14	21	27	32	36	
G	44	39444	46629	48177	78444	650354	
G	45	14	21	27	32	36	
G	45	41429	48098	50026	82315	653771	
G	46	14	21	27	32	36	
G	46	43235	49517	51809	86870	664771	
G	47	14	21	27	32	36	
G	47	44295	50364	52822	90335	665032	
G	48	14	21	27	32	36	
G	48	45107	51139	53770	93356	670531	
G	49	14	21	27	32	36	
G	49	46258	52329	55352	96467	674576	
G	50	14	21	27	32	36	
G	50	45657	51496	54806	96619	671012	
G	51	14	21	27	32	36	
G	51	46011	51756	55248	97305	665807	
G	52	14	21	27	32	36	
G	52	46087	52072	55794	98980	661082	
G	53	14	21	27	32	36	
G	53	46996	52892	57454	103289	652549	
G	54	14	21	27	32	36	
G	54	48594	54418	59653	108769	655857	
G	55	14	21	27	32	36	
G	55	50693	56508	62308	115550	660686	
G	56	14	21	27	32	36	
G	56	51864	57489	65041	121468	663621	
G	57	14	21	27	32	36	
G	57	53352	59153	67485	127069	673885	
G	58	14	21	27	32	36	
G	58	55232	61094	71282	133730	677490	
G	59	14	21	27	32	36	
G	59	57282	63330	74549	139151	676766	
G	60	14	21	27	32	36	
G	60	58328	64205	76847	143445	674101	
G	61	14	21	27	32	36	
G	61	61028	67054	80814	149601	673684	
G	62	14	21	27	32	36	
G	62	61483	67504	82791	152413	666568	
G	63	14	21	27	32	36	
G	63	63192	69158	84415	155318	664073	
G	64	14	21	27	32	36	
G	64	65121	70864	87338	159830	664948	
G	65	14	21	27	32	36	
G	65	65798	71145	88246	162349	663284	
G	66	14	21	27	32	36	
G	66	67499	72720	90618	166533	668034	
G	67	14	21	27	32	36	
G	67	69856	74812	93286	171322	680970	
G	68	14	21	27	32	36	
G	68	70780	75657	94819	175582	682299	
G	69	14	21	27	32	36	
G	69	71967	76541	96125	176364	681626	
G	70	14	21	27	32	36	
G	70	72716	77065	96782	178783	682462	
G	71	14	21	27	32	36	
G	71	73406	77517	97633	181050	678721	
G	72	14	21	27	32	36	
G	72	74104	77944	98455	182415	674004	
G	73	14	21	27	32	36	
G	73	73989	77613	98694	184446	669393	
G	74	14	21	27	32	36	
G	74	74388	77869	99013	186596	664087	
G	75	14	21	27	32	36	
G	75	75423	78836	100680	189735	663662	
G	76	14	21	27	32	36	
G	76	76449	79995	102390	193622	670630	
G	77	14	21	27	32	36	
G	77	77122	80710	103421	197208	675448	
G	78	14	21	27	32	36	
G	78	78678	82244	105713	199625	681345	
G	79	14	21	27	32	36	
G	79	79467	82991	106704	202769	687643	
G	80	14	21	27	32	36	
G	80	79547	83272	107765	206019	684050	
G	81	14	21	27	32	36	
G	81	79601	83415	108416	207498	681024	
G	82	14	21	27	32	36	
G	82	78836	82623	107849	207382	678960	
G	83	14	21	27	32	36	
G	83	78778	82745	108355	208649	670711	
G	84	14	21	27	32	36	
G	84	78822	82869	108722	209572	665193	
G	85	14	21	27	32	36	
G	85	78920	83111	109543	211852	664533	
G	86	14	21	27	32	36	
G	86	79787	84063	111570	215390	666265	
G	87	14	21	27	32	36	
G	87	80448	84854	112679	218677	667558	
G	88	14	21	27	32	36	
G	88	81328	85893	114651	223003	676967	
G	89	14	21	27	32	36	
G	89	82934	87602	117517	228092	678635	
G	90	14	21	27	32	36	
G	90	85637	90710	120646	235173	684490	
G	91	14	21	27	32	36	
G	91	87906	92889	123189	239783	686372	
G	92	14	21	27	32	36	
G	92	91291	96443	127275	248106	685890	
G	93	14	21	27	32	36	
G	93	94547	99466	131342	256367	686272	
G	94	14	21	27	32	36	
G	94	97716	102770	135381	266228	685764	
G	95	14	21	27	32	36	
G	95	99997	104943	137448	273618	685369	
G	96	14	21	27	32	36	
G	96	103145	107893	141916	281547	688369	
G	97	14	21	27	32	36	
G	97	106192	111229	145596	289632	695102	
G	98	14	21	27	32	36	
G	98	107732	112786	149343	298211	698794	
G	99	14	21	27	32	36	
G	99	111111	116153	153462	305899	706244	
G	100	14	21	27	32	36	
G	100	113006	118097	155839	312207	709746	
G	101	14	21	27	32	36	
G	101	115609	120607	159881	317321	707501	
G	102	14	21	27	32	36	
G	102	119849	125102	165721	324972	707599	
G	103	14	21	27	32	36	
G	103	121721	126889	169590	328679	706184	
G	104	14	21	27	32	36	
G	104	124213	129821	172565	328812	701470	
G	105	14	21	27	32	36	
G	105	126673	132479	175118	328515	701096	
G	106	14	21	27	32	36	
G	106	128542	134716	177185	326501	700509	
G	107	14	21	27	32	36	
G	107	128825	135202	179294	324065	700857	
G	108	14	21	27	32	36	
G	108	130468	137378	181413	323548	703056	
G	109	14	21	27	32	36	
G	109	131983	138961	183342	323902	707869	
G	110	14	21	27	32	36	
G	110	133253	140328	186968	329410	709575	
G	111	14	21	27	32	36	
G	111	135451	141992	190145	334564	711144	
G	112	14	21	27	32	36	
G	112	134409	140673	190701	335442	713376	
G	113	14	21	27	32	36	
G	113	134552	140310	191221	336680	709149	
G	114	14	21	27	32	36	
G	114	133460	138683	191789	336156	706597	
G	115	14	21	27	32	36	
G	115	129801	134461	189168	333784	706914	
G	116	14	21	27	32	36	
G	116	127552	132197	185173	328013	704211	
G	117	14	21	27	32	36	
G	117	124601	128787	182602	323095	705495	
G	118	14	21	27	32	36	
G	118	122435	126462	178262	315809	705491	
G	119	14	21	27	32	36	
G	119	120822	124656	177078	314755	707620	
G	120	14	21	27	32	36	
G	120	117561	121149	173193	309033	708848	
G	121	14	21	27	32	36	
G	121	115919	119520	169851	302072	707268	
G	122	14	21	27	32	36	
G	122	114644	118105	168696	299702	705220	
G	123	14	21	27	32	36	
G	123	113137	116571	167094	296801	704351	
G	124	14	21	27	32	36	
G	124	111514	114880	163444	291979	703238	
G	125	14	21	27	32	36	
G	125	110391	113469	163235	291728	699815	
G	126	14	21	27	32	36	
G	126	110028	113273	162492	290595	698032	
G	127	14	21	27	32	36	
G	127	108731	112053	159962	288660	699561	
G	128	14	21	27	32	36	
G	128	109040	112393	159901	286744	699108	
G	129	14	21	27	32	36	
G	129	108339	111730	160127	288359	699528	
G	130	14	21	27	32	36	
G	130	108411	111725	159690	286718	701590	
G	131	14	21	27	32	36	
G	131	107535	111175	159257	287346	701583	
G	132	14	21	27	32	36	
G	132	107038	110653	158605	287070	699924	
G	133	14	21	27	32	36	
G	133	107848	111704	158832	285668	699807	
G	134	14	21	27	32	36	
G	134	106608	110537	156660	284787	697605	
G	135	14	21	27	32	36	
G	135	105505	109954	156858	286513	697171	
G	136	14	21	27	32	36	
G	136	105672	110137	156089	284244	694653	
G	137	14	21	27	32	36	
G	137	105671	110522	157142	288140	694791	
G	138	14	21	27	32	36	
G	138	104818	110147	155823	288186	695393	
G	139	14	21	27	32	36	
G	139	106158	111290	156456	286499	696103	
G	140	14	21	27	32	36	
G	140	104901	110293	154755	285082	694874	
G	141	14	21	27	32	36	
G	141	106427	112025	156667	288819	696458	
G	142	14	21	27	32	36	
G	142	104622	110460	154182	287070	695185	
G	143	14	21	27	32	36	
G	143	104687	110603	154058	286705	693862	
G	144	14	21	27	32	36	
G	144	105135	111312	154579	288103	693454	
G	145	14	21	27	32	36	
G	145	104080	110361	153987	287642	691466	
G	146	14	21	27	32	36	
G	146	104586	110902	154727	289241	692128	
G	147	14	21	27	32	36	
G	147	105286	111712	155031	289347	691304	
G	148	14	21	27	32	36	
G	148	105430	112089	155138	289937	694366	
G	149	14	21	27	32	36	
G	149	104520	111303	153676	288390	691267	
C	0	14	21	27	32	
C	0	8380	18029	18121	911633	
C	1	14	21	27	32	
C	1	7612	21378	21494	669218	
C	2	14	21	27	32	
C	2	7717	11624	11714	657727	
C	3	14	21	27	32	
C	3	6114	7777	7826	575199	
C	4	14	21	27	32	
C	4	5366	6492	6584	592675	
C	5	14	21	27	32	36	
C	5	9488	10721	11443	35906	556614	
C	6	14	21	27	32	36	
C	6	14563	16582	17373	51960	840173	
C	7	14	21	27	32	36	
C	7	18015	19617	20325	54492	620898	
C	8	14	21	27	32	36	
C	8	21855	23487	26675	65499	658924	
C	9	14	21	27	32	36	
C	9	11831	12611	17073	46225	645742	
C	10	14	21	27	32	36	
C	10	15351	17164	20468	55348	903967	
C	11	14	21	27	32	36	
C	11	18316	20411	24549	64268	922477	
C	12	14	21	27	32	36	
C	12	10736	11698	15122	40401	612441	
C	13	14	21	27	32	36	
C	13	12104	12960	17278	44885	652726	
C	14	14	21	27	32	36	
C	14	12179	13046	17483	44293	640257	
C	15	14	21	27	32	36	
C	15	14264	15395	20088	49294	667366	
C	16	14	21	27	32	36	
C	16	12150	12979	17501	45125	644734	
C	17	14	21	27	32	36	
C	17	12724	13592	17978	46815	656538	
C	18	14	21	27	32	36	
C	18	12738	13706	17374	45057	662161	
C	19	14	21	27	32	36	
C	19	13019	13893	17907	46118	665873	
C	20	14	21	27	32	36	
C	20	13488	14372	18160	46731	676109	
C	21	14	21	27	32	36	
C	21	14407	15319	19065	48093	676042	
C	22	14	21	27	32	36	
C	22	15835	16753	20370	50361	697141	
C	23	14	21	27	32	36	
C	23	14647	15486	19116	46912	652140	
C	24	14	21	27	32	36	
C	24	14921	15762	19219	46975	645996	
C	25	14	21	27	32	36	
C	25	15689	16513	19745	46950	648632	
C	26	14	21	27	32	36	
C	26	17540	18599	21745	50409	673552	
C	27	14	21	27	32	36	
C	27	17276	18213	21175	48858	674881	
C	28	14	21	27	32	36	
C	28	17087	18191	20925	46927	663771	
C	29	14	21	27	32	36	
C	29	18063	19079	22090	49050	673615	
C	30	14	21	27	32	36	
C	30	18469	19592	22654	48930	673477	
C	31	14	21	27	32	36	
C	31	18680	19787	22777	48340	669989	
C	32	14	21	27	32	36	
C	32	18510	19755	22791	47292	659273	
C	33	14	21	27	32	36	
C	33	18756	20136	22979	46698	652672	
C	34	14	21	27	32	36	
C	34	19152	20706	23252	46466	649211	
C	35	14	21	27	32	36	
C	35	19463	21201	23349	45766	648494	
C	36	14	21	27	32	36	
C	36	19609	21752	23594	44794	651325	
C	37	14	21	27	32	36	
C	37	19625	22005	23506	43528	658874	
C	38	14	21	27	32	36	
C	38	19027	21461	22931	41966	660927	
C	39	14	21	27	32	36	
C	39	18594	21031	22662	40186	664056	
C	40	14	21	27	32	36	
C	40	18781	21125	22886	40057	667697	
C	41	14	21	27	32	36	
C	41	18670	21052	23096	39503	666044	
C	42	14	21	27	32	36	
C	42	18400	21097	23280	39956	660792	
C	43	14	21	27	32	36	
C	43	18624	21417	24027	41049	657788	
C	44	14	21	27	32	36	
C	44	19174	21913	24889	42821	649820	
C	45	14	21	27	32	36	
C	45	19023	21678	25023	43947	649516	
C	46	14	21	27	32	36	
C	46	19600	22440	26163	47145	652747	
C	47	14	21	27	32	36	
C	47	20319	23245	27420	50520	655540	
C	48	14	21	27	32	36	
C	48	20885	24100	28776	54447	661756	
C	49	14	21	27	32	36	
C	49	21764	25076	30330	58591	666997	
C	50	14	21	27	32	36	
C	50	21932	25588	31569	62132	664369	
C	51	14	21	27	32	36	
C	51	22837	26684	33011	66077	664504	
C	52	14	21	27	32	36	
C	52	23114	27195	33854	69019	663188	
C	53	14	21	27	32	36	
C	53	23727	27915	34779	70908	654566	
C	54	14	21	27	32	36	
C	54	23892	27773	34965	72519	651326	
C	55	14	21	27	32	36	
C	55	23979	27878	35212	73867	653628	
C	56	14	21	27	32	36	
C	56	24266	28060	36190	75601	657383	
C	57	14	21	27	32	36	
C	57	24512	28111	36397	76098	658684	
C	58	14	21	27	32	36	
C	58	24868	28536	37726	78293	665601	
C	59	14	21	27	32	36	
C	59	24990	28635	38106	78947	666652	
C	60	14	21	27	32	36	
C	60	25505	29211	39455	80709	670381	
C	61	14	21	27	32	36	
C	61	26211	29864	40694	82164	671107	
C	62	14	21	27	32	36	
C	62	26825	30523	41690	83970	667050	
C	63	14	21	27	32	36	
C	63	26923	30637	42040	84247	660558	
C	64	14	21	27	32	36	
C	64	27368	31070	42839	85156	655761	
C	65	14	21	27	32	36	
C	65	27678	31133	43231	85307	654630	
C	66	14	21	27	32	36	
C	66	28139	31780	43792	86252	660179	
C	67	14	21	27	32	36	
C	67	29098	32538	45019	88047	664342	
C	68	14	21	27	32	36	
C	68	29283	32741	45284	88784	664568	
C	69	14	21	27	32	36	
C	69	29262	32588	45201	88719	667118	
C	70	14	21	27	32	36	
C	70	29759	33059	45838	89708	667893	
C	71	14	21	27	32	36	
C	71	30210	33478	46284	89985	668501	
C	72	14	21	27	32	36	
C	72	30316	33525	46340	89930	664507	
C	73	14	21	27	32	36	
C	73	30562	33633	46616	90240	659848	
C	74	14	21	27	32	36	
C	74	31460	34398	47390	91091	658850	
C	75	14	21	27	32	36	
C	75	31746	34772	47526	91098	658052	
C	76	14	21	27	32	36	
C	76	32446	35398	48316	92441	661873	
C	77	14	21	27	32	36	
C	77	32393	35313	48290	93088	664205	
C	78	14	21	27	32	36	
C	78	33166	36126	48992	94134	669289	
C	79	14	21	27	32	36	
C	79	33339	36298	48983	94914	671234	
C	80	14	21	27	32	36	
C	80	33454	36524	49062	95842	671147	
C	81	14	21	27	32	36	
C	81	33765	36779	49467	96468	670307	
C	82	14	21	27	32	36	
C	82	33966	37182	49875	97711	669140	
C	83	14	21	27	32	36	
C	83	34335	37596	50139	99121	664400	
C	84	14	21	27	32	36	
C	84	34789	38040	50542	99795	663521	
C	85	14	21	27	32	36	
C	85	35312	38674	51645	102589	664449	
C	86	14	21	27	32	36	
C	86	35354	38866	52113	102919	662886	
C	87	14	21	27	32	36	
C	87	36684	40010	53486	104897	668245	
C	88	14	21	27	32	36	
C	88	36675	40320	54297	105847	671609	
C	89	14	21	27	32	36	
C	89	37795	41541	55862	108197	673295	
C	90	14	21	27	32	36	
C	90	37609	41545	56389	109017	672036	
C	91	14	21	27	32	36	
C	91	38491	42573	58369	113281	673116	
C	92	14	21	27	32	36	
C	92	38661	43084	59220	114575	670847	
C	93	14	21	27	32	36	
C	93	39145	43852	60806	117928	667369	
C	94	14	21	27	32	36	
C	94	39392	44451	61914	121240	663219	
C	95	14	21	27	32	36	
C	95	39827	45297	63285	123871	661160	
C	96	14	21	27	32	36	
C	96	40505	45946	64399	127981	666031	
C	97	14	21	27	32	36	
C	97	40824	46417	65027	128966	668763	
C	98	14	21	27	32	36	
C	98	41258	46989	66263	132801	671752	
C	99	14	21	27	32	36	
C	99	40973	46788	65915	132871	671955	
C	100	14	21	27	32	36	
C	100	41685	47232	66749	135010	673126	
C	101	14	21	27	32	36	
C	101	41966	47529	67355	136877	672270	
C	102	14	21	27	32	36	
C	102	42047	47375	67420	137680	671262	
C	103	14	21	27	32	36	
C	103	42279	47772	68939	141297	669772	
C	104	14	21	27	32	36	
C	104	42576	47894	68980	140409	666610	
C	105	14	21	27	32	36	
C	105	43240	48244	69443	140625	667750	
C	106	14	21	27	32	36	
C	106	43442	48470	70021	139284	668015	
C	107	14	21	27	32	36	
C	107	43675	48340	70168	138513	668314	
C	108	14	21	27	32	36	
C	108	43247	47625	69017	134641	671971	
C	109	14	21	27	32	36	
C	109	44051	48272	70073	133868	673346	
C	110	14	21	27	32	36	
C	110	44207	48278	70723	137086	670211	
C	111	14	21	27	32	36	
C	111	44823	48890	72350	139954	669669	
C	112	14	21	27	32	36	
C	112	45411	49468	73865	145194	668530	
C	113	14	21	27	32	36	
C	113	45969	50095	75179	147962	667095	
C	114	14	21	27	32	36	
C	114	46914	51249	77616	153230	665195	
C	115	14	21	27	32	36	
C	115	47772	52081	79772	159057	663887	
C	116	14	21	27	32	36	
C	116	48798	53112	80992	159227	667500	
C	117	14	21	27	32	36	
C	117	49274	53518	82359	162685	667354	
C	118	14	21	27	32	36	
C	118	50437	54845	84266	165480	670418	
C	119	14	21	27	32	36	
C	119	51468	55615	86934	171213	670121	
C	120	14	21	27	32	36	
C	120	51796	56047	88074	173891	671090	
C	121	14	21	27	32	36	
C	121	52806	56773	88978	173553	669972	
C	122	14	21	27	32	36	
C	122	53337	57326	91761	180466	666061	
C	123	14	21	27	32	36	
C	123	53918	57688	93403	184647	665240	
C	124	14	21	27	32	36	
C	124	54575	58447	94656	187082	663641	
C	125	14	21	27	32	36	
C	125	55298	58980	97527	195302	663596	
C	126	14	21	27	32	36	
C	126	55777	59429	98808	197950	665294	
C	127	14	21	27	32	36	
C	127	56774	60475	100449	202785	667676	
C	128	14	21	27	32	36	
C	128	57088	60779	100967	202261	667309	
C	129	14	21	27	32	36	
C	129	57379	61489	103842	214807	667816	
C	130	14	21	27	32	36	
C	130	57700	61717	103732	211989	667569	
C	131	14	21	27	32	36	
C	131	58516	62741	105602	218918	667335	
C	132	14	21	27	32	36	
C	132	58608	62932	106690	223363	665535	
C	133	14	21	27	32	36	
C	133	59677	64177	107220	223976	664518	
C	134	14	21	27	32	36	
C	134	59597	64589	108312	230076	661821	
C	135	14	21	27	32	36	
C	135	59632	65217	110094	238843	662600	
C	136	14	21	27	32	36	
C	136	60660	66373	111386	236974	664066	
C	137	14	21	27	32	36	
C	137	60991	67370	112795	247162	666132	
C	138	14	21	27	32	36	
C	138	61792	69109	114597	254928	666496	
C	139	14	21	27	32	36	
C	139	62281	68969	114379	249155	667614	
C	140	14	21	27	32	36	
C	140	62877	70349	116049	255626	667500	
C	141	14	21	27	32	36	
C	141	63715	71692	118431	263181	665636	
C	142	14	21	27	32	36	
C	142	63814	72458	119091	268276	665501	
C	143	14	21	27	32	36	
C	143	64035	72936	119461	271320	662733	
C	144	14	21	27	32	36	
C	144	65007	74498	121797	277198	663075	
C	145	14	21	27	32	36	
C	145	65624	75384	124156	284234	663247	
C	146	14	21	27	32	36	
C	146	66704	76782	126053	286980	663221	
C	147	14	21	27	32	36	
C	147	67783	78303	128364	290388	663641	
C	148	14	21	27	32	36	
C	148	68469	79276	129599	295242	666251	
C	149	14	21	27	32	36	
C	149	68211	79634	129819	298446	665805	
N	0	2	
N	0	179	
N	1	2	
N	1	1	
N	2	
N	2	
N	3	
N	3	
N	4	
N	4	
N	5	2	
N	5	114	
N	6	
N	6	
N	7	2	
N	7	15	
N	8	
N	8	
N	9	2	
N	9	14	
N	10	2	
N	10	22	
N	11	
N	11	
N	12	2	
N	12	15	
N	13	2	
N	13	10	
N	14	2	
N	14	5	
N	15	2	
N	15	24	
N	16	2	
N	16	35	
N	17	2	
N	17	53	
N	18	2	
N	18	18	
N	19	2	
N	19	10	
N	20	2	
N	20	46	
N	21	2	
N	21	44	
N	22	2	
N	22	21	
N	23	2	
N	23	74	
N	24	2	
N	24	33	
N	25	2	
N	25	99	
N	26	2	
N	26	67	
N	27	2	
N	27	267	
N	28	2	
N	28	22	
N	29	2	
N	29	73	
N	30	2	
N	30	10	
N	31	2	
N	31	52	
N	32	2	
N	32	4	
N	33	2	
N	33	44	
N	34	2	
N	34	7	
N	35	2	
N	35	22	
N	36	2	
N	36	46	
N	37	2	
N	37	3	
N	38	2	
N	38	31	
N	39	2	
N	39	5	
N	40	2	
N	40	107	
N	41	2	
N	41	41	
N	42	2	
N	42	312	
N	43	2	
N	43	294	
N	44	2	
N	44	675	
N	45	2	
N	45	864	
N	46	2	
N	46	792	
N	47	2	
N	47	1215	
N	48	2	
N	48	1066	
N	49	2	
N	49	892	
N	50	2	
N	50	926	
N	51	2	
N	51	738	
N	52	2	
N	52	829	
N	53	2	
N	53	432	
N	54	2	
N	54	469	
N	55	2	
N	55	324	
N	56	2	
N	56	563	
N	57	2	
N	57	231	
N	58	2	
N	58	287	
N	59	2	
N	59	77	
N	60	2	
N	60	131	
N	61	2	
N	61	83	
N	62	2	
N	62	89	
N	63	2	
N	63	79	
N	64	2	
N	64	114	
N	65	2	
N	65	40	
N	66	2	
N	66	80	
N	67	2	
N	67	51	
N	68	2	
N	68	134	
N	69	2	
N	69	19	
N	70	2	
N	70	149	
N	71	2	
N	71	186	
N	72	2	
N	72	142	
N	73	2	
N	73	113	
N	74	2	
N	74	133	
N	75	2	
N	75	227	
N	76	2	
N	76	167	
N	77	2	
N	77	122	
N	78	2	
N	78	94	
N	79	2	
N	79	92	
N	80	2	
N	80	113	
N	81	2	
N	81	192	
N	82	2	
N	82	143	
N	83	2	
N	83	442	
N	84	2	
N	84	345	
N	85	2	
N	85	532	
N	86	2	
N	86	470	
N	87	2	
N	87	955	
N	88	2	
N	88	829	
N	89	2	
N	89	1085	
N	90	2	
N	90	1544	
N	91	2	
N	91	1381	
N	92	2	
N	92	1810	
N	93	2	
N	93	1168	
N	94	2	
N	94	1285	
N	95	2	
N	95	1124	
N	96	2	
N	96	1137	
N	97	2	
N	97	938	
N	98	2	
N	98	871	
N	99	2	
N	99	754	
N	100	2	
N	100	740	
N	101	2	
N	101	800	
N	102	2	
N	102	588	
N	103	2	
N	103	772	
N	104	2	
N	104	399	
N	105	2	
N	105	504	
N	106	2	
N	106	342	
N	107	2	
N	107	498	
N	108	2	
N	108	247	
N	109	2	
N	109	267	
N	110	2	
N	110	347	
N	111	2	
N	111	291	
N	112	2	
N	112	315	
N	113	2	
N	113	119	
N	114	2	
N	114	117	
N	115	2	
N	115	102	
N	116	2	
N	116	84	
N	117	2	
N	117	35	
N	118	2	
N	118	135	
N	119	2	
N	119	26	
N	120	2	
N	120	134	
N	121	2	
N	121	115	
N	122	2	
N	122	252	
N	123	2	
N	123	344	
N	124	2	
N	124	352	
N	125	2	
N	125	470	
N	126	2	
N	126	703	
N	127	2	
N	127	714	
N	128	2	
N	128	912	
N	129	2	
N	129	641	
N	130	2	
N	130	572	
N	131	2	
N	131	643	
N	132	2	
N	132	755	
N	133	2	
N	133	507	
N	134	2	
N	134	265	
N	135	2	
N	135	314	
N	136	2	
N	136	276	
N	137	2	
N	137	204	
N	138	2	
N	138	103	
N	139	2	
N	139	118	
N	140	2	
N	140	61	
N	141	2	
N	141	145	
N	142	2	
N	142	72	
N	143	2	
N	143	166	
N	144	2	
N	144	31	
N	145	2	
N	145	49	
N	146	2	
N	146	39	
N	147	2	
N	147	42	
N	148	2	
N	148	20	
N	149	2	
N	149	47	
