.	0	2	12	27	32	37	
.	0	1227	450892	919829	7957848	7957851	
.	1	2	12	27	32	37	
.	1	11	314361	659836	7957822	7957851	
.	2	2	12	22	27	32	37	
.	2	38	264409	295616	540273	2488922	7957851	
.	3	12	22	27	32	37	
.	3	244629	295382	495228	1249001	7957851	
.	4	12	22	27	32	37	41	
.	4	262963	383539	543199	1098991	7957849	7957851	
.	5	12	22	27	32	37	41	
.	5	226351	333530	474278	909843	2146475	7957851	
.	6	12	22	27	32	37	41	
.	6	230391	334888	481757	911498	2088716	7957851	
.	7	12	22	27	32	37	41	
.	7	189189	275320	381831	711414	1557786	7957851	
.	8	12	22	27	32	37	41	
.	8	181596	271087	368922	661768	1381879	7957851	
.	9	12	22	27	32	37	41	
.	9	192021	289190	398272	692316	1440053	7957851	
.	10	12	22	27	32	37	41	
.	10	205567	309662	432379	749211	1603298	7957851	
.	11	2	12	22	27	32	37	41	
.	11	28	215272	319551	436617	750865	1581980	7957851	
.	12	12	22	27	32	37	41	
.	12	207684	316544	446655	788303	1715585	7957851	
.	13	2	12	22	27	32	37	41	
.	13	167	246300	374417	537027	920457	1977174	7957851	
.	14	12	22	27	32	37	41	
.	14	207866	320167	454039	756421	1597255	7957851	
.	15	12	22	27	32	37	41	
.	15	185588	296893	444048	682785	1425293	7957851	
.	16	12	22	27	32	37	41	
.	16	187682	298435	450199	682104	1434517	7957851	
.	17	12	22	27	32	37	41	
.	17	187205	301496	463016	667953	1370941	7957851	
.	18	12	22	27	32	37	41	
.	18	206144	330361	510186	734710	1531393	7957851	
.	19	2	12	22	27	32	37	41	
.	19	146	210273	335605	518284	742976	1541198	7957851	
.	20	12	22	27	32	37	41	
.	20	235678	370341	566001	809196	1675125	7957851	
.	21	12	22	27	32	37	41	
.	21	206667	335986	519839	732571	1479011	7957851	
.	22	2	12	22	27	32	37	41	
.	22	5	204564	333199	520498	745562	1544906	7957851	
.	23	12	22	27	32	37	41	
.	23	219561	351547	544772	784665	1652879	7957851	
.	24	12	22	27	32	37	41	
.	24	210400	337634	519161	742856	1545616	7957851	
.	25	2	12	22	27	32	37	41	
.	25	5	202502	328708	510049	727291	1489469	7957851	
.	26	12	22	27	32	37	41	
.	26	196299	316910	486818	696293	1418878	7957851	
.	27	2	12	22	27	32	37	41	
.	27	66	203281	323731	494236	703085	1420599	7957851	
.	28	12	22	27	32	37	41	
.	28	243605	386233	596932	851296	1744592	7957851	
.	29	2	12	22	27	32	37	41	
.	29	388	213122	343384	526299	750887	1540198	7957851	
.	30	2	12	22	27	32	37	41	
.	30	205	204957	332517	510073	724752	1468383	7957851	
.	31	2	12	22	27	32	37	41	
.	31	256	216397	343841	521767	737255	1473120	7957851	
.	32	2	12	22	27	32	37	41	
.	32	191	233054	371581	567734	802934	1634541	7957851	
.	33	12	22	27	32	37	41	
.	33	249231	397726	612628	871249	1767594	7957851	
.	34	2	12	22	27	32	37	41	
.	34	243	292361	456748	692900	982831	1980302	7957851	
.	35	2	12	22	27	32	37	41	
.	35	63	250073	406265	631306	900625	1861366	7957851	
.	36	2	12	22	27	32	37	41	
.	36	284	253879	404855	616532	872119	1771191	7957851	
.	37	12	22	27	32	37	41	
.	37	228276	373631	577585	820580	1670515	7957851	
.	38	12	22	27	32	37	41	
.	38	245583	390897	597658	853327	1741605	7957851	
.	39	2	12	22	27	32	37	41	
.	39	15	247050	389719	586605	826257	1652505	7957851	
.	40	12	22	27	32	37	41	
.	40	271423	424137	639839	893099	1776785	7957851	
.	41	12	22	27	32	37	41	
.	41	264488	424358	654264	914327	1819920	7957851	
.	42	12	22	27	32	37	41	
.	42	270345	425596	645418	904277	1796691	7957851	
.	43	12	22	27	32	37	41	
.	43	245911	398822	619692	891351	1757782	7957851	
.	44	2	12	22	27	32	37	41	
.	44	19	267150	419594	635963	915119	1782730	7957851	
.	45	12	22	27	32	37	41	
.	45	253916	406636	625364	913729	1771450	7957851	
.	46	12	22	27	32	37	41	
.	46	256659	408714	625432	921549	1778384	7957851	
.	47	12	22	27	32	37	41	
.	47	278914	435682	656210	957545	1817685	7957851	
.	48	12	22	27	32	37	41	
.	48	259998	418966	645334	948633	1813078	7957851	
.	49	12	22	27	32	37	41	
.	49	272086	429676	652408	962214	1826029	7957851	
.	50	12	22	27	32	37	41	
.	50	266926	425609	652719	973097	1834165	7957851	
.	51	12	22	27	32	37	41	
.	51	295494	460956	691292	1018571	1891498	7957851	
.	52	12	22	27	32	37	41	
.	52	274737	440823	675833	1013606	1886644	7957851	
.	53	12	22	27	32	37	41	
.	53	279403	443200	674314	1013298	1893738	7957851	
.	54	2	12	22	27	32	37	41	
.	54	66	278019	441563	670989	1012095	1889052	7957851	
.	55	12	22	27	32	37	41	
.	55	299007	467109	700401	1042669	1919405	7957851	
.	56	2	12	22	27	32	37	41	
.	56	3	299118	472334	715129	1068230	1950736	7957851	
.	57	2	12	22	27	32	37	41	
.	57	133	289899	463576	702186	1066102	1951420	7957851	
.	58	12	22	27	32	37	41	
.	58	294209	469730	702858	1070112	1958223	7957851	
.	59	2	12	22	27	32	37	41	
.	59	130	308759	491095	724474	1092946	1983949	7957851	
.	60	12	22	27	32	37	41	
.	60	300375	491007	721856	1093841	1986914	7957851	
.	61	2	12	22	27	32	37	41	
.	61	21	317723	515495	741398	1118868	2021147	7957851	
.	62	12	22	27	32	37	41	
.	62	332271	542019	773851	1157347	2071878	7957851	
.	63	12	22	27	32	37	41	
.	63	321803	535234	767066	1157172	2079589	7957851	
.	64	12	22	27	32	37	41	
.	64	320725	534414	766005	1161866	2101967	7957851	
.	65	12	22	27	32	37	41	
.	65	342826	564610	791264	1186072	2124998	7957851	
.	66	2	12	22	27	32	37	41	
.	66	77	331128	563689	785514	1181442	2119820	7957851	
.	67	2	12	22	27	32	37	41	
.	67	227	331892	565348	784513	1184914	2137678	7957851	
.	68	12	22	27	32	37	41	
.	68	337850	574995	791466	1192718	2146367	7957851	
.	69	12	22	27	32	37	41	
.	69	351043	596173	814153	1218810	2181054	7957851	
.	70	2	12	22	27	32	37	41	
.	70	652	364810	615861	838295	1248851	2217129	7957851	
.	71	2	12	22	27	32	37	41	
.	71	11	360389	617350	842108	1258515	2234593	7957851	
.	72	12	22	27	32	37	41	
.	72	358445	615681	839777	1259530	2246034	7957851	
.	73	2	12	22	27	32	37	41	
.	73	542	378132	637959	863402	1284910	2270641	7957851	
.	74	12	22	27	32	37	41	
.	74	385061	653540	884662	1316349	2319695	7957851	
.	75	12	22	27	32	37	41	
.	75	380735	764852	1045391	1782480	3330977	7957851	
.	76	2	12	22	27	32	37	41	
.	76	233	399570	709082	959531	1525246	2756428	7957851	
.	77	2	12	22	27	32	37	41	
.	77	31	397920	693145	934608	1428483	2524190	7957851	
.	78	2	12	22	27	32	37	41	
.	78	3	365316	645306	878575	1343841	2375221	7957851	
.	79	2	12	22	27	32	37	41	
.	79	82	368144	634479	858578	1305115	2304437	7957851	
.	80	12	22	27	32	37	41	
.	80	379351	648152	875651	1317764	2301042	7957851	
.	81	12	22	27	32	37	41	
.	81	369758	637138	865943	1311024	2290397	7957851	
.	82	2	12	22	27	32	37	41	
.	82	56	375324	641268	869299	1318716	2307638	7957851	
.	83	2	12	22	27	32	37	41	
.	83	53	375843	642560	872122	1324387	2314079	7957851	
.	84	2	12	22	27	32	37	41	
.	84	4	381710	649913	882857	1340069	2331660	7957851	
.	85	12	22	27	32	37	41	
.	85	392406	665842	901767	1366290	2363680	7957851	
.	86	2	12	22	27	32	37	41	
.	86	2	403392	682892	921925	1388414	2392044	7957851	
.	87	2	12	22	27	32	37	41	
.	87	188	396208	678494	921615	1394683	2406354	7957851	
.	88	12	22	27	32	37	41	
.	88	414962	703144	948467	1427022	2471934	7957851	
.	89	12	22	27	32	37	41	
.	89	422732	719302	966474	1453392	2533495	7957851	
.	90	12	22	27	32	37	41	
.	90	409404	708454	956283	1445924	2554359	7957851	
.	91	12	22	27	32	37	41	
.	91	421468	722163	969678	1460349	2599542	7957851	
.	92	12	22	27	32	37	41	
.	92	418333	726919	973440	1465160	2652893	7957851	
.	93	12	22	27	32	37	41	
.	93	428103	738076	988238	1484976	2692150	7957851	
.	94	12	22	27	32	37	41	
.	94	441844	759168	1010713	1512121	2749299	7957851	
.	95	12	22	27	32	37	41	
.	95	458534	791865	1055458	1558165	2850128	7957851	
.	96	12	22	27	32	37	41	
.	96	443487	778303	1044401	1552096	2890158	7957851	
.	97	12	22	27	32	37	41	
.	97	471462	807665	1077219	1592945	2952980	7957851	
.	98	2	12	22	27	32	37	41	
.	98	216	463807	806857	1087387	1602898	3000949	7957851	
.	99	2	12	22	27	32	37	41	
.	99	114	466526	805439	1097193	1598747	3024349	7957851	
.	100	12	22	27	32	37	41	
.	100	477983	814449	1116365	1611602	3050560	7957851	
.	101	12	22	27	32	37	41	
.	101	492362	829233	1145394	1635151	3097706	7957851	
.	102	12	22	27	32	37	41	
.	102	513904	850483	1167673	1662951	3136906	7957851	
.	103	12	22	27	32	37	41	
.	103	536171	873839	1198654	1693224	3185909	7957851	
.	104	2	8	12	22	27	32	37	41	
.	104	294	3325	543905	874982	1210758	1707588	3222653	7957851	
.	105	8	12	22	27	32	37	41	
.	105	8676	574473	890176	1228354	1736434	3264465	7957851	
.	106	8	12	22	27	32	37	41	
.	106	8680	589530	906372	1249786	1769174	3326066	7957851	
.	107	8	12	22	27	32	37	41	
.	107	19842	613662	919525	1259830	1794071	3346135	7957851	
.	108	8	12	22	27	32	37	41	
.	108	49469	625497	930087	1265831	1845774	3367700	7957851	
.	109	2	8	12	22	27	32	37	41	
.	109	245	60337	682384	1004267	1351279	1960858	3478767	7957851	
.	110	8	12	22	27	32	37	41	
.	110	95936	700174	1037743	1373120	2041155	3528069	7957851	
.	111	2	8	12	22	27	32	37	41	
.	111	77	104561	681845	1027962	1373133	2064095	3566558	7957851	
.	112	8	12	22	27	32	37	41	
.	112	104322	705869	1036572	1388626	2082670	3614260	7957851	
.	113	8	12	22	27	32	37	41	
.	113	148479	716731	1051281	1403063	2162034	3642313	7957851	
.	114	8	12	22	27	32	37	41	
.	114	174111	730494	1071470	1416321	2211196	3665523	7957851	
.	115	2	8	12	22	27	32	37	41	
.	115	62	190636	754167	1109622	1474256	2303020	3728091	7957851	
.	116	8	12	22	27	32	37	41	
.	116	192458	755679	1119021	1496014	2336826	3768961	7957851	
.	117	8	12	22	27	32	37	41	
.	117	206029	779261	1148928	1552579	2414512	3822884	7957851	
.	118	8	12	22	27	32	37	41	
.	118	222990	790409	1169673	1578439	2464489	3860968	7957851	
.	119	2	8	12	22	27	32	37	41	
.	119	16	235726	805495	1194816	1638156	2545244	3894968	7957851	
.	120	8	12	22	27	32	37	41	
.	120	244253	828105	1228341	1716089	2631887	3916472	7957851	
.	121	2	8	12	22	27	32	37	41	
.	121	2	242742	825397	1236710	1741522	2660682	3931472	7957851	
.	122	8	12	22	27	32	37	41	
.	122	253131	885803	1313242	1843161	2772068	4057201	7957851	
.	123	8	12	22	27	32	37	41	
.	123	256014	888394	1335576	1901478	2835111	4111351	7957851	
.	124	8	12	22	27	32	37	41	
.	124	264014	916564	1372898	1961657	2900362	4187791	7957851	
.	125	2	8	12	22	27	32	37	41	
.	125	133	272374	946026	1412680	2018051	2966721	4248434	7957851	
.	126	2	8	12	22	27	32	37	41	
.	126	66	268764	960145	1441487	2070139	3025183	4318303	7957851	
.	127	8	12	22	27	32	37	41	
.	127	279738	981368	1470586	2117524	3074541	4385437	7957851	
.	128	2	8	12	22	27	32	37	41	
.	128	36	274514	986574	1487230	2186773	3089195	4477685	7957851	
.	129	8	12	22	27	32	37	41	
.	129	287032	1023402	1532685	2238583	3150601	4535425	7957851	
.	130	2	8	12	22	27	32	37	41	
.	130	5	299938	1065564	1591212	2314101	3241881	4628936	7957851	
.	131	2	8	12	22	27	32	37	41	
.	131	335	297656	1142040	1696609	2457162	3349533	4789619	7957851	
.	132	8	12	22	27	32	37	41	
.	132	309068	1133287	1714255	2519447	3388254	4880992	7957851	
.	133	8	12	22	27	32	37	41	
.	133	317788	1160272	1742515	2557209	3429725	4919576	7957851	
.	134	2	8	12	22	27	32	37	41	
.	134	9	320941	1178805	1777678	2633750	3501201	5026717	7957851	
.	135	2	8	12	22	27	32	37	41	
.	135	3	327543	1205315	1805903	2676458	3539834	5077726	7957851	
.	136	2	8	12	22	27	32	37	41	
.	136	31	337411	1246399	1864826	2760105	3607050	5164239	7957851	
.	137	2	8	12	22	27	32	37	41	
.	137	3	340320	1259316	1892947	2803717	3662906	5222658	7957851	
.	138	2	8	12	22	27	32	37	41	
.	138	24	350659	1289650	1925748	2840624	3708279	5262824	7957851	
.	139	2	8	12	22	27	32	37	41	
.	139	6	355438	1310041	1958220	2890104	3757576	5323253	7957851	
.	140	2	8	12	22	27	32	37	41	
.	140	23	363638	1344343	2007020	2952739	3822436	5388714	7957851	
.	141	2	8	12	22	27	32	37	41	
.	141	67	368603	1362330	2033957	2992971	3870785	5436630	7957851	
.	142	2	8	12	22	27	32	37	41	
.	142	25	372840	1378608	2058437	3030241	3915122	5488340	7957851	
.	143	2	8	12	22	27	32	37	41	
.	143	6	387939	1429032	2120668	3100344	3989409	5558140	7957851	
.	144	8	12	22	27	32	37	41	
.	144	383043	1419360	2118083	3104994	3999104	5572573	7957851	
.	145	2	8	12	22	27	32	37	41	
.	145	4	394390	1449500	2152135	3145862	4040610	5607648	7957851	
.	146	8	12	22	27	32	37	41	
.	146	405048	1484803	2202532	3207947	4105585	5662847	7957851	
.	147	2	8	12	22	27	32	37	41	
.	147	3	420604	1537795	2267906	3281675	4183532	5730793	7957851	
.	148	2	8	12	22	27	32	37	41	
.	148	7	431140	1579683	2335564	3369814	4278332	5818582	7957851	
.	149	2	8	12	22	27	32	37	41	
.	149	126	430603	1583771	2342299	3386289	4300954	5846267	7957851	
A	0	12	27	32	37	
A	0	50044	97403	2266868	2266870	
A	1	12	27	32	37	
A	1	78688	164794	2293385	2293394	
A	2	12	22	27	32	37	
A	2	64295	71308	128873	664027	2193543	
A	3	12	22	27	32	37	
A	3	71833	88169	151189	389539	2063689	
A	4	12	22	27	32	37	
A	4	104168	154955	223498	444847	2106736	
A	5	12	22	27	32	37	41	
A	5	75504	109434	156163	284367	669596	2079758	
A	6	12	22	27	32	37	41	
A	6	77639	112154	161617	295113	670673	2083499	
A	7	12	22	27	32	37	41	
A	7	50399	71910	98412	178949	398662	2080334	
A	8	12	22	27	32	37	41	
A	8	49458	72506	98521	171628	372386	2079972	
A	9	12	22	27	32	37	41	
A	9	47068	70094	96806	165040	363783	2119379	
A	10	12	22	27	32	37	41	
A	10	63831	95752	140372	235477	541309	2107667	
A	11	12	22	27	32	37	41	
A	11	72641	105507	142980	238134	499155	2087821	
A	12	12	22	27	32	37	41	
A	12	55531	83117	115435	201670	446798	2098394	
A	13	12	22	27	32	37	41	
A	13	66475	101836	149935	251084	573310	2093152	
A	14	12	22	27	32	37	41	
A	14	45604	67446	94287	153969	339646	2094710	
A	15	12	22	27	32	37	41	
A	15	49499	75695	115864	175390	385312	2070444	
A	16	12	22	27	32	37	41	
A	16	60802	91970	139298	207883	438018	2070985	
A	17	12	22	27	32	37	41	
A	17	50240	76504	118541	168875	354522	2063229	
A	18	12	22	27	32	37	41	
A	18	65590	100956	161359	233089	510754	2065008	
A	19	12	22	27	32	37	41	
A	19	47691	72306	113516	161817	353160	2073880	
A	20	12	22	27	32	37	41	
A	20	55447	82569	127166	180797	387945	2073392	
A	21	12	22	27	32	37	41	
A	21	57853	88303	139059	194119	401194	2066529	
A	22	12	22	27	32	37	41	
A	22	60282	92573	149556	216595	477949	2071135	
A	23	12	22	27	32	37	41	
A	23	73958	113197	178737	254604	541096	2054185	
A	24	12	22	27	32	37	41	
A	24	52611	80150	123880	174858	368181	2068174	
A	25	12	22	27	32	37	41	
A	25	53941	83139	131673	186001	392818	2067130	
A	26	12	22	27	32	37	41	
A	26	52308	80303	125657	178029	371448	2063015	
A	27	12	22	27	32	37	41	
A	27	56235	85297	132453	187262	390503	2072018	
A	28	12	22	27	32	37	41	
A	28	77941	120598	194175	276588	592010	2068449	
A	29	12	22	27	32	37	41	
A	29	58227	88145	137423	194739	412460	2068178	
A	30	12	22	27	32	37	41	
A	30	56778	86990	136819	193698	408823	2067152	
A	31	12	22	27	32	37	41	
A	31	59508	89545	137821	193160	395351	2073153	
A	32	12	22	27	32	37	41	
A	32	57770	86755	132969	186141	383852	2073399	
A	33	12	22	27	32	37	41	
A	33	78293	120568	192900	276518	586613	2066608	
A	34	12	22	27	32	37	41	
A	34	92529	140294	221195	317118	660975	2062309	
A	35	12	22	27	32	37	41	
A	35	65289	100790	160813	227957	484371	2065390	
A	36	12	22	27	32	37	41	
A	36	54994	82833	127594	178852	376794	2066224	
A	37	12	22	27	32	37	41	
A	37	56382	87081	137202	193357	408910	2064825	
A	38	12	22	27	32	37	41	
A	38	84666	128545	201273	288269	594964	2051975	
A	39	12	22	27	32	37	41	
A	39	72501	109394	167813	235332	483881	2061316	
A	40	12	22	27	32	37	41	
A	40	70455	103587	157275	217099	438734	2064822	
A	41	12	22	27	32	37	41	
A	41	67314	103083	163446	227713	470440	2059724	
A	42	12	22	27	32	37	41	
A	42	70548	105185	162481	226719	463383	2059511	
A	43	12	22	27	32	37	41	
A	43	67336	103794	165617	235989	479948	2056085	
A	44	12	22	27	32	37	41	
A	44	74407	111553	171548	244124	489879	2051838	
A	45	12	22	27	32	37	41	
A	45	69687	106066	166541	239962	482027	2053202	
A	46	12	22	27	32	37	41	
A	46	72141	109554	170695	247568	495670	2054018	
A	47	12	22	27	32	37	41	
A	47	78792	117972	180301	258888	507962	2051042	
A	48	12	22	27	32	37	41	
A	48	71402	109409	172579	249690	495485	2051483	
A	49	12	22	27	32	37	41	
A	49	74636	112943	175059	254589	501157	2053477	
A	50	12	22	27	32	37	41	
A	50	74196	113122	176870	259998	507480	2048437	
A	51	12	22	27	32	37	41	
A	51	83609	124377	189543	274817	527338	2055264	
A	52	12	22	27	32	37	41	
A	52	77167	117893	184485	272723	524368	2056581	
A	53	12	22	27	32	37	41	
A	53	78097	118931	184614	273828	528768	2050846	
A	54	12	22	27	32	37	41	
A	54	77289	117777	182604	271744	524143	2050484	
A	55	12	22	27	32	37	41	
A	55	84352	126307	193217	283460	536154	2054536	
A	56	12	22	27	32	37	41	
A	56	84439	126962	196399	289274	544123	2052931	
A	57	12	22	27	32	37	41	
A	57	80339	123272	191154	287137	541919	2053222	
A	58	12	22	27	32	37	41	
A	58	81392	125156	190686	286863	541484	2053969	
A	59	12	22	27	32	37	41	
A	59	86230	131540	197833	294819	552218	2050837	
A	60	12	22	27	32	37	41	
A	60	83898	131284	196882	294031	551459	2051386	
A	61	12	22	27	32	37	41	
A	61	90356	140362	205736	305393	566535	2052170	
A	62	12	22	27	32	37	41	
A	62	94084	146918	214282	315887	581102	2047712	
A	63	12	22	27	32	37	41	
A	63	90929	144769	211786	314996	580963	2048308	
A	64	12	22	27	32	37	41	
A	64	90280	144552	212129	317157	590209	2051970	
A	65	12	22	27	32	37	41	
A	65	97208	153053	219003	322973	595644	2048725	
A	66	12	22	27	32	37	41	
A	66	92648	151072	215256	319524	591127	2048530	
A	67	12	22	27	32	37	41	
A	67	92996	152196	216375	322624	599788	2046518	
A	68	12	22	27	32	37	41	
A	68	95640	155303	219384	325772	604836	2042673	
A	69	12	22	27	32	37	41	
A	69	101190	163976	229056	337392	620966	2048693	
A	70	12	22	27	32	37	41	
A	70	103774	167762	233654	343398	626549	2046492	
A	71	12	22	27	32	37	41	
A	71	102965	168986	235956	347406	632183	2049301	
A	72	12	22	27	32	37	41	
A	72	102756	169168	235969	348581	636743	2052642	
A	73	12	22	27	32	37	41	
A	73	108827	176028	243299	356173	644319	2055837	
A	74	12	22	27	32	37	41	
A	74	110589	180318	249578	366230	662283	2049823	
A	75	12	22	27	32	37	41	
A	75	106344	190168	266600	425560	792708	2049844	
A	76	12	22	27	32	37	41	
A	76	113909	190712	263596	411028	749616	2049364	
A	77	12	22	27	32	37	41	
A	77	113313	188028	259403	391693	704829	2052211	
A	78	12	22	27	32	37	41	
A	78	102996	174059	242644	367675	665627	2049487	
A	79	12	22	27	32	37	41	
A	79	102729	170203	236068	356317	644773	2052445	
A	80	12	22	27	32	37	41	
A	80	105581	173139	239523	358372	643874	2049235	
A	81	12	22	27	32	37	41	
A	81	103259	170503	238108	358123	640188	2051838	
A	82	12	22	27	32	37	41	
A	82	103543	170806	237426	358474	643731	2053357	
A	83	12	22	27	32	37	41	
A	83	103998	171573	238876	360773	644528	2049054	
A	84	12	22	27	32	37	41	
A	84	106625	174319	243321	368258	654116	2052240	
A	85	12	22	27	32	37	41	
A	85	109109	178163	248132	375538	663158	2050744	
A	86	12	22	27	32	37	41	
A	86	112507	183529	254884	381017	670150	2047377	
A	87	12	22	27	32	37	41	
A	87	109840	180774	253353	381806	672337	2048783	
A	88	12	22	27	32	37	41	
A	88	116127	189693	262828	393253	693027	2052646	
A	89	12	22	27	32	37	41	
A	89	118079	193767	267540	399383	704951	2046737	
A	90	12	22	27	32	37	41	
A	90	113790	189794	263841	396836	708728	2046856	
A	91	12	22	27	32	37	41	
A	91	117378	194142	267929	401474	721825	2050764	
A	92	12	22	27	32	37	41	
A	92	116826	196228	270198	404356	735837	2049945	
A	93	12	22	27	32	37	41	
A	93	119178	197850	272014	406872	742616	2044355	
A	94	12	22	27	32	37	41	
A	94	124212	205875	281315	418057	761806	2051442	
A	95	12	22	27	32	37	41	
A	95	129963	216177	295248	432260	788672	2047824	
A	96	12	22	27	32	37	41	
A	96	125515	212403	292372	431084	799672	2050132	
A	97	12	22	27	32	37	41	
A	97	133480	221174	302077	443990	818817	2047044	
A	98	12	22	27	32	37	41	
A	98	130923	220004	303986	445680	829864	2048381	
A	99	12	22	27	32	37	41	
A	99	131656	220401	306120	443594	835409	2043301	
A	100	12	22	27	32	37	41	
A	100	135098	223194	312224	449191	846595	2048500	
A	101	12	22	27	32	37	41	
A	101	138786	227690	320682	456850	863936	2048680	
A	102	12	22	27	32	37	41	
A	102	145185	234255	327881	465555	875383	2051390	
A	103	12	22	27	32	37	41	
A	103	149357	238637	333450	470283	884520	2048397	
A	104	8	12	22	27	32	37	41	
A	104	457	151335	239959	338029	476372	899955	2049078	
A	105	8	12	22	27	32	37	41	
A	105	1505	158319	244293	343531	485563	914806	2049181	
A	106	8	12	22	27	32	37	41	
A	106	1573	163567	250439	351374	496262	934812	2047578	
A	107	8	12	22	27	32	37	41	
A	107	3623	169326	254037	354585	504913	942221	2047006	
A	108	8	12	22	27	32	37	41	
A	108	9340	172237	256907	355650	518633	943837	2046592	
A	109	8	12	22	27	32	37	41	
A	109	11122	186982	276697	379694	551531	977485	2051811	
A	110	8	12	22	27	32	37	41	
A	110	17953	190205	283728	382490	569891	982478	2047378	
A	111	8	12	22	27	32	37	41	
A	111	19247	183392	279460	381017	574549	991772	2050734	
A	112	8	12	22	27	32	37	41	
A	112	19375	190391	283273	386884	581117	1006211	2050099	
A	113	8	12	22	27	32	37	41	
A	113	28246	194049	288875	393217	607453	1016280	2047383	
A	114	8	12	22	27	32	37	41	
A	114	33107	198544	295970	399449	625207	1027382	2050708	
A	115	8	12	22	27	32	37	41	
A	115	36465	205118	306425	415414	650975	1043705	2047589	
A	116	8	12	22	27	32	37	41	
A	116	36639	205154	308727	420926	658697	1052930	2046001	
A	117	8	12	22	27	32	37	41	
A	117	39261	210872	317049	435507	676669	1060078	2045299	
A	118	8	12	22	27	32	37	41	
A	118	42587	213911	322371	442641	690982	1072386	2048753	
A	119	8	12	22	27	32	37	41	
A	119	44958	217936	329824	459041	712229	1079269	2046967	
A	120	8	12	22	27	32	37	41	
A	120	46477	225180	341270	482699	738033	1090049	2052711	
A	121	8	12	22	27	32	37	41	
A	121	46348	225053	345345	491348	748122	1094852	2054268	
A	122	8	12	22	27	32	37	41	
A	122	48107	240514	365111	517398	775357	1125938	2048402	
A	123	8	12	22	27	32	37	41	
A	123	49124	241901	371429	532936	790297	1137308	2052754	
A	124	8	12	22	27	32	37	41	
A	124	50371	249929	383231	552188	811494	1161510	2054933	
A	125	8	12	22	27	32	37	41	
A	125	52015	257897	393781	565062	824921	1171626	2052185	
A	126	8	12	22	27	32	37	41	
A	126	50850	259935	399368	577062	839430	1187756	2050499	
A	127	8	12	22	27	32	37	41	
A	127	53231	267558	410590	592906	854867	1208026	2050844	
A	128	8	12	22	27	32	37	41	
A	128	52069	266342	411827	606092	854171	1225601	2048887	
A	129	8	12	22	27	32	37	41	
A	129	54171	276808	425090	620566	872380	1243695	2053063	
A	130	8	12	22	27	32	37	41	
A	130	56316	287468	440346	640692	896379	1266122	2052301	
A	131	8	12	22	27	32	37	41	
A	131	56022	307831	467418	674535	918495	1300013	2055392	
A	132	8	12	22	27	32	37	41	
A	132	58094	303268	468715	686473	924427	1319196	2052289	
A	133	8	12	22	27	32	37	41	
A	133	59965	311375	479654	701433	941690	1336216	2054596	
A	134	8	12	22	27	32	37	41	
A	134	60209	317124	489537	720859	960304	1361871	2055045	
A	135	8	12	22	27	32	37	41	
A	135	62279	326401	500632	736144	973966	1377364	2055362	
A	136	8	12	22	27	32	37	41	
A	136	63854	336474	515108	756382	988896	1396470	2052718	
A	137	8	12	22	27	32	37	41	
A	137	64069	338210	519894	765472	1000457	1409165	2047529	
A	138	8	12	22	27	32	37	41	
A	138	65862	345941	529342	775449	1011604	1417607	2049020	
A	139	8	12	22	27	32	37	41	
A	139	67316	352377	539227	788880	1024519	1433429	2052534	
A	140	8	12	22	27	32	37	41	
A	140	67966	361160	551949	805194	1042020	1450180	2050192	
A	141	8	12	22	27	32	37	41	
A	141	69156	367375	560750	816826	1055800	1462866	2048423	
A	142	8	12	22	27	32	37	41	
A	142	70389	374339	570048	830051	1070066	1477358	2050857	
A	143	8	12	22	27	32	37	41	
A	143	73390	387768	586270	848886	1089075	1494821	2047527	
A	144	8	12	22	27	32	37	41	
A	144	72192	385109	585620	848808	1090159	1497479	2047867	
A	145	8	12	22	27	32	37	41	
A	145	73811	394980	598073	863894	1105961	1511317	2053701	
A	146	8	12	22	27	32	37	41	
A	146	75176	404041	611295	881519	1123355	1524625	2048552	
A	147	8	12	22	27	32	37	41	
A	147	79112	420236	630389	901519	1143103	1540912	2051329	
A	148	8	12	22	27	32	37	41	
A	148	78676	427137	643638	919371	1162259	1558906	2046520	
A	149	8	12	22	27	32	37	41	
A	149	78807	429911	646698	924164	1167595	1563574	2045658	
T	0	12	27	32	37	
T	0	166310	333526	2053634	2053635	
T	1	12	27	32	37	
T	1	49165	102915	1977723	1977731	
T	2	12	22	27	32	37	
T	2	59861	65158	119849	517471	1978006	
T	3	12	22	27	32	37	
T	3	62728	75154	125708	309425	1988230	
T	4	12	22	27	32	37	41	
T	4	62869	91918	129780	264315	2028341	2028342	
T	5	12	22	27	32	37	41	
T	5	65136	96232	139089	256820	624273	2024255	
T	6	12	22	27	32	37	41	
T	6	70380	102601	149274	273660	644856	2048515	
T	7	12	22	27	32	37	41	
T	7	54060	78314	108617	196045	444837	2082877	
T	8	12	22	27	32	37	41	
T	8	53671	79272	107136	186768	403704	2073912	
T	9	12	22	27	32	37	41	
T	9	67368	99295	135311	224906	461004	2061101	
T	10	12	22	27	32	37	41	
T	10	56567	84545	115499	196404	423381	2078167	
T	11	12	22	27	32	37	41	
T	11	47814	70471	94786	160822	349271	2098087	
T	12	12	22	27	32	37	41	
T	12	60796	92473	133033	226901	517082	2101863	
T	13	12	22	27	32	37	41	
T	13	96026	144031	206949	340798	703180	2093805	
T	14	12	22	27	32	37	41	
T	14	63936	95946	135580	221581	475275	2092514	
T	15	12	22	27	32	37	41	
T	15	56873	86781	131264	197470	417969	2102065	
T	16	12	22	27	32	37	41	
T	16	45918	70706	108202	161243	351280	2105265	
T	17	12	22	27	32	37	41	
T	17	44252	67765	105125	149492	315567	2107415	
T	18	12	22	27	32	37	41	
T	18	64683	98822	153833	216484	447972	2092680	
T	19	12	22	27	32	37	41	
T	19	72443	109617	169513	238309	486682	2089258	
T	20	12	22	27	32	37	41	
T	20	75481	114379	179311	254104	539304	2086052	
T	21	12	22	27	32	37	41	
T	21	60581	93088	148228	206757	428580	2086108	
T	22	12	22	27	32	37	41	
T	22	55850	86613	138206	194414	406935	2086882	
T	23	12	22	27	32	37	41	
T	23	64631	99061	156543	222729	482382	2084824	
T	24	12	22	27	32	37	41	
T	24	55423	84829	133012	188217	405997	2091864	
T	25	12	22	27	32	37	41	
T	25	59698	92229	146062	206505	435880	2086361	
T	26	12	22	27	32	37	41	
T	26	59624	91243	141892	199575	411962	2079546	
T	27	12	22	27	32	37	41	
T	27	58898	89603	138750	195183	404079	2073728	
T	28	12	22	27	32	37	41	
T	28	79695	121269	188158	262976	528357	2070721	
T	29	12	22	27	32	37	41	
T	29	50135	77460	120985	169518	356444	2083692	
T	30	12	22	27	32	37	41	
T	30	55841	85915	134279	187992	389215	2071285	
T	31	12	22	27	32	37	41	
T	31	60500	91663	141111	196274	396539	2066334	
T	32	12	22	27	32	37	41	
T	32	55046	83138	128044	178072	370584	2068308	
T	33	12	22	27	32	37	41	
T	33	79104	120224	187233	260436	523823	2058825	
T	34	12	22	27	32	37	41	
T	34	89956	135483	208313	291473	584115	2054866	
T	35	12	22	27	32	37	41	
T	35	78703	121413	192722	271768	567355	2065661	
T	36	12	22	27	32	37	41	
T	36	76321	116616	180959	253693	526151	2066473	
T	37	12	22	27	32	37	41	
T	37	53847	83373	130945	183258	380689	2073913	
T	38	12	22	27	32	37	41	
T	38	63682	97920	152730	214093	446637	2062355	
T	39	12	22	27	32	37	41	
T	39	69637	105534	162252	225526	454711	2061839	
T	40	12	22	27	32	37	41	
T	40	73058	110231	170876	237414	484261	2051829	
T	41	12	22	27	32	37	41	
T	41	86134	131123	203977	281396	555313	2055478	
T	42	12	22	27	32	37	41	
T	42	76668	115822	178569	248215	501113	2060229	
T	43	12	22	27	32	37	41	
T	43	71171	109157	172111	242957	487976	2060186	
T	44	12	22	27	32	37	41	
T	44	75395	114216	176238	250057	498059	2059089	
T	45	12	22	27	32	37	41	
T	45	72874	111572	173911	248716	492863	2055444	
T	46	12	22	27	32	37	41	
T	46	74736	113783	175574	252094	495914	2052191	
T	47	12	22	27	32	37	41	
T	47	78025	117531	180067	258002	502878	2051843	
T	48	12	22	27	32	37	41	
T	48	75428	115500	180817	259194	506791	2056118	
T	49	12	22	27	32	37	41	
T	49	78240	118758	182555	263664	510504	2049460	
T	50	12	22	27	32	37	41	
T	50	77227	117808	183191	267165	513221	2058758	
T	51	12	22	27	32	37	41	
T	51	82437	124132	189238	275365	523010	2046151	
T	52	12	22	27	32	37	41	
T	52	79345	121316	189495	278274	526961	2052943	
T	53	12	22	27	32	37	41	
T	53	80703	122533	188314	277222	525373	2051384	
T	54	12	22	27	32	37	41	
T	54	80329	122079	187779	277572	525346	2054224	
T	55	12	22	27	32	37	41	
T	55	83819	126022	192415	282214	529067	2047510	
T	56	12	22	27	32	37	41	
T	56	84707	128206	197325	290092	538322	2049036	
T	57	12	22	27	32	37	41	
T	57	83676	127562	195491	291155	539510	2052224	
T	58	12	22	27	32	37	41	
T	58	84866	129500	195718	293311	543722	2052064	
T	59	12	22	27	32	37	41	
T	59	87894	134441	200459	298395	548230	2048321	
T	60	12	22	27	32	37	41	
T	60	86223	134846	200301	298852	549393	2049330	
T	61	12	22	27	32	37	41	
T	61	89349	139779	203437	302928	556740	2048510	
T	62	12	22	27	32	37	41	
T	62	93030	146160	211353	311965	568872	2044648	
T	63	12	22	27	32	37	41	
T	63	90557	144683	210351	313230	572988	2043939	
T	64	12	22	27	32	37	41	
T	64	92017	146964	212897	316968	581156	2045415	
T	65	12	22	27	32	37	41	
T	65	95850	153003	217304	321868	585837	2043307	
T	66	12	22	27	32	37	41	
T	66	94104	154487	217786	322092	585743	2046732	
T	67	12	22	27	32	37	41	
T	67	94186	154592	216920	322521	589428	2051725	
T	68	12	22	27	32	37	41	
T	68	95368	157341	218138	323601	590467	2049661	
T	69	12	22	27	32	37	41	
T	69	96871	159883	220849	326493	593557	2046216	
T	70	12	22	27	32	37	41	
T	70	100955	165304	227596	334271	603695	2043240	
T	71	12	22	27	32	37	41	
T	71	101023	166665	229534	337802	609927	2040926	
T	72	12	22	27	32	37	41	
T	72	100147	166638	229454	338803	613939	2042287	
T	73	12	22	27	32	37	41	
T	73	104566	171009	234587	345079	621177	2043878	
T	74	12	22	27	32	37	41	
T	74	106817	175948	240961	354755	634668	2042217	
T	75	12	22	27	32	37	41	
T	75	109752	199725	278084	453084	856435	2045106	
T	76	12	22	27	32	37	41	
T	76	112670	190644	260966	407068	741545	2044739	
T	77	12	22	27	32	37	41	
T	77	109874	183839	251414	380141	680517	2037654	
T	78	12	22	27	32	37	41	
T	78	103304	174956	241142	363831	649770	2045260	
T	79	12	22	27	32	37	41	
T	79	103911	172417	235368	353122	630421	2042204	
T	80	12	22	27	32	37	41	
T	80	106873	175655	240370	358064	630848	2043628	
T	81	12	22	27	32	37	41	
T	81	105216	174075	238742	357322	629372	2041606	
T	82	12	22	27	32	37	41	
T	82	106842	175478	240006	361130	635179	2044616	
T	83	12	22	27	32	37	41	
T	83	107863	177131	242554	364650	639258	2047231	
T	84	12	22	27	32	37	41	
T	84	107531	176568	242275	364860	636815	2044608	
T	85	12	22	27	32	37	41	
T	85	110919	182026	248969	373325	647455	2040887	
T	86	12	22	27	32	37	41	
T	86	113344	184577	252711	378029	653891	2043114	
T	87	12	22	27	32	37	41	
T	87	112730	185730	255126	382577	661104	2042813	
T	88	12	22	27	32	37	41	
T	88	117265	191595	261583	389910	675813	2042640	
T	89	12	22	27	32	37	41	
T	89	118439	194907	265473	395798	690294	2036249	
T	90	12	22	27	32	37	41	
T	90	117495	195005	266355	398222	699612	2041237	
T	91	12	22	27	32	37	41	
T	91	118937	197191	268242	400630	708930	2038174	
T	92	12	22	27	32	37	41	
T	92	120640	201272	271873	404117	723164	2042897	
T	93	12	22	27	32	37	41	
T	93	122504	204024	275844	408977	732425	2038305	
T	94	12	22	27	32	37	41	
T	94	124841	207725	279671	414548	745802	2040359	
T	95	12	22	27	32	37	41	
T	95	129132	216219	291070	426085	770596	2034498	
T	96	12	22	27	32	37	41	
T	96	127964	215842	291585	428886	784980	2040192	
T	97	12	22	27	32	37	41	
T	97	133675	222452	299288	438056	798573	2037941	
T	98	12	22	27	32	37	41	
T	98	133194	223944	303093	441946	813088	2041180	
T	99	12	22	27	32	37	41	
T	99	133526	222631	304421	438949	816025	2041134	
T	100	12	22	27	32	37	41	
T	100	136142	224783	309143	441844	824294	2042083	
T	101	12	22	27	32	37	41	
T	101	139794	229284	317385	448558	838343	2040035	
T	102	12	22	27	32	37	41	
T	102	144067	232940	321264	454117	846574	2029054	
T	103	12	22	27	32	37	41	
T	103	149557	240168	330495	462923	861540	2036202	
T	104	8	12	22	27	32	37	41	
T	104	496	152057	240957	334063	467025	873022	2032996	
T	105	8	12	22	27	32	37	41	
T	105	1471	158434	244083	337708	474150	885425	2037926	
T	106	8	12	22	27	32	37	41	
T	106	1537	162539	248640	343490	483098	901360	2039007	
T	107	8	12	22	27	32	37	41	
T	107	3411	166934	250064	344157	486552	902431	2031630	
T	108	8	12	22	27	32	37	41	
T	108	8632	169890	252785	346315	501567	910205	2035143	
T	109	8	12	22	27	32	37	41	
T	109	10462	181681	269179	364624	527525	935301	2031723	
T	110	8	12	22	27	32	37	41	
T	110	16580	187620	280037	373518	552558	949628	2031273	
T	111	8	12	22	27	32	37	41	
T	111	18477	184376	279204	375315	560130	961835	2029641	
T	112	8	12	22	27	32	37	41	
T	112	18110	191119	283100	380770	567133	976807	2031425	
T	113	8	12	22	27	32	37	41	
T	113	26254	193628	286945	385117	588992	983313	2027043	
T	114	8	12	22	27	32	37	41	
T	114	31271	196481	291037	387246	601243	987724	2029516	
T	115	8	12	22	27	32	37	41	
T	115	33901	201419	300109	401159	622952	1000939	2027572	
T	116	8	12	22	27	32	37	41	
T	116	34839	204952	306418	410885	635510	1014469	2029087	
T	117	8	12	22	27	32	37	41	
T	117	36530	209784	312801	423895	653701	1026573	2028263	
T	118	8	12	22	27	32	37	41	
T	118	40206	213530	319180	431940	668891	1037759	2032292	
T	119	8	12	22	27	32	37	41	
T	119	42356	216409	325240	446490	686960	1042297	2023892	
T	120	8	12	22	27	32	37	41	
T	120	43272	219830	331603	463963	705793	1043140	2019641	
T	121	8	12	22	27	32	37	41	
T	121	43753	221682	337684	474893	717464	1052453	2028213	
T	122	8	12	22	27	32	37	41	
T	122	44803	235485	355508	498985	744804	1082800	2025338	
T	123	8	12	22	27	32	37	41	
T	123	45630	236401	362172	515254	761824	1094865	2022275	
T	124	8	12	22	27	32	37	41	
T	124	46874	242208	369809	527356	775432	1110834	2017452	
T	125	8	12	22	27	32	37	41	
T	125	48089	249580	379860	542187	792047	1125520	2017952	
T	126	8	12	22	27	32	37	41	
T	126	48108	254728	389634	557552	808746	1146426	2016916	
T	127	8	12	22	27	32	37	41	
T	127	49984	259442	395301	567374	818714	1158805	2013489	
T	128	8	12	22	27	32	37	41	
T	128	49117	259511	398679	581732	818323	1177158	2014052	
T	129	8	12	22	27	32	37	41	
T	129	51309	267069	408432	593646	833316	1191852	2012767	
T	130	8	12	22	27	32	37	41	
T	130	53449	279196	424501	613111	856822	1215364	2010135	
T	131	8	12	22	27	32	37	41	
T	131	52602	294097	446019	641680	874832	1244715	2006119	
T	132	8	12	22	27	32	37	41	
T	132	54890	290813	450289	656295	883229	1266760	2011692	
T	133	8	12	22	27	32	37	41	
T	133	56541	298180	457199	665744	893511	1275336	2004028	
T	134	8	12	22	27	32	37	41	
T	134	57587	300381	462207	677807	903695	1292584	1996752	
T	135	8	12	22	27	32	37	41	
T	135	57877	305483	468096	688131	912934	1306373	2003318	
T	136	8	12	22	27	32	37	41	
T	136	59842	315234	481989	705974	926158	1321885	1999757	
T	137	8	12	22	27	32	37	41	
T	137	60080	319125	490001	717839	941110	1337540	1998716	
T	138	8	12	22	27	32	37	41	
T	138	61759	327059	498126	726093	950673	1346842	2000630	
T	139	8	12	22	27	32	37	41	
T	139	62471	328900	501539	733193	957549	1356286	1996847	
T	140	8	12	22	27	32	37	41	
T	140	63989	337862	515258	751080	975914	1374844	2001269	
T	141	8	12	22	27	32	37	41	
T	141	64841	341665	520005	757625	983252	1381331	1995928	
T	142	8	12	22	27	32	37	41	
T	142	65898	345408	526095	765998	993606	1393167	1993972	
T	143	8	12	22	27	32	37	41	
T	143	67838	356951	541502	782829	1010704	1407522	1987735	
T	144	8	12	22	27	32	37	41	
T	144	67044	355423	540823	783080	1011271	1409553	1990511	
T	145	8	12	22	27	32	37	41	
T	145	69638	362039	547259	790863	1018941	1414018	1986173	
T	146	8	12	22	27	32	37	41	
T	146	70678	368557	557558	803955	1033581	1426971	1984347	
T	147	8	12	22	27	32	37	41	
T	147	73374	380757	573272	820488	1049555	1439589	1982588	
T	148	8	12	22	27	32	37	41	
T	148	75187	390711	588816	841277	1072802	1462135	1983312	
T	149	8	12	22	27	32	37	41	
T	149	74596	390069	587379	840339	1071958	1463449	1982603	
G	0	12	27	32	
G	0	127679	262879	1802667	
G	1	12	27	32	37	
G	1	123327	267282	1944883	1944894	
G	2	12	22	27	32	37	
G	2	86052	98291	183796	725421	1936436	
G	3	12	22	27	32	37	
G	3	72337	87451	143104	343920	1977365	
G	4	12	22	27	32	37	41	
G	4	62258	90983	127189	254520	1912067	1912068	
G	5	12	22	27	32	37	41	
G	5	39749	58478	79411	164894	387202	1909707	
G	6	12	22	27	32	37	41	
G	6	37319	53637	74120	149184	335687	1919501	
G	7	12	22	27	32	37	41	
G	7	43867	64873	91344	173089	378291	1884142	
G	8	12	22	27	32	37	41	
G	8	42605	64637	89091	161698	322904	1880088	
G	9	12	22	27	32	37	41	
G	9	41181	63723	87769	157932	316606	1882430	
G	10	12	22	27	32	37	41	
G	10	53980	83060	116277	200995	399200	1875684	
G	11	12	22	27	32	37	41	
G	11	54973	83657	117582	203276	429496	1875802	
G	12	12	22	27	32	37	41	
G	12	39422	60646	83725	154807	332578	1877306	
G	13	12	22	27	32	37	41	
G	13	36513	54069	70798	131267	274463	1882333	
G	14	12	22	27	32	37	41	
G	14	58003	92098	131711	219934	445164	1873893	
G	15	12	22	27	32	37	41	
G	15	43808	73535	107362	166896	331593	1877925	
G	16	12	22	27	32	37	41	
G	16	44643	74396	112458	172348	362230	1874197	
G	17	12	22	27	32	37	41	
G	17	56547	94234	145048	210477	425526	1865209	
G	18	12	22	27	32	37	41	
G	18	42158	72427	109328	158965	316456	1879704	
G	19	12	22	27	32	37	41	
G	19	49305	83284	126369	182562	367879	1879756	
G	20	12	22	27	32	37	41	
G	20	47521	78448	116088	166812	339217	1896615	
G	21	12	22	27	32	37	41	
G	21	46057	79341	119737	169915	336456	1891965	
G	22	12	22	27	32	37	41	
G	22	53739	92108	140890	201536	394553	1880131	
G	23	12	22	27	32	37	41	
G	23	39913	68986	103395	150192	306728	1892486	
G	24	12	22	27	32	37	41	
G	24	51985	87677	134398	194667	410494	1889086	
G	25	12	22	27	32	37	41	
G	25	46430	78918	119730	171155	340436	1893893	
G	26	12	22	27	32	37	41	
G	26	44347	75769	114596	166126	337097	1898636	
G	27	12	22	27	32	37	41	
G	27	48231	80492	120953	172414	335958	1894919	
G	28	12	22	27	32	37	41	
G	28	46146	77525	116781	169206	338083	1897897	
G	29	12	22	27	32	37	41	
G	29	64131	108056	164519	236280	470970	1891148	
G	30	12	22	27	32	37	41	
G	30	49329	85040	128040	182704	360305	1904141	
G	31	12	22	27	32	37	41	
G	31	53127	88946	133773	190577	378459	1904796	
G	32	12	22	27	32	37	41	
G	32	63825	107746	166428	238174	493812	1905068	
G	33	12	22	27	32	37	41	
G	33	49783	84442	127044	182825	359392	1907202	
G	34	12	22	27	32	37	41	
G	34	62056	103075	152537	216739	423559	1912323	
G	35	12	22	27	32	37	41	
G	35	48836	85072	126783	182186	376574	1910653	
G	36	12	22	27	32	37	41	
G	36	60601	101163	152272	216392	436575	1911315	
G	37	12	22	27	32	37	41	
G	37	69815	118100	182055	260367	518837	1900395	
G	38	12	22	27	32	37	41	
G	38	54414	91416	138369	198822	398972	1908869	
G	39	12	22	27	32	37	41	
G	39	58212	96665	141924	201016	394231	1912781	
G	40	12	22	27	32	37	41	
G	40	64474	105706	155839	218566	433582	1925406	
G	41	12	22	27	32	37	41	
G	41	56196	95632	143934	203012	399069	1917712	
G	42	12	22	27	32	37	41	
G	42	65842	108894	161768	227282	442177	1914234	
G	43	12	22	27	32	37	41	
G	43	55818	96101	146097	213154	412473	1913453	
G	44	12	22	27	32	37	41	
G	44	61985	101717	151004	218897	416317	1915364	
G	45	12	22	27	32	37	41	
G	45	58585	99015	149442	222030	420541	1921015	
G	46	12	22	27	32	37	41	
G	46	57829	97659	147378	221147	415483	1920794	
G	47	12	22	27	32	37	41	
G	47	65675	106973	158219	233372	429024	1928114	
G	48	12	22	27	32	37	41	
G	48	59030	100922	152376	228227	425559	1924471	
G	49	12	22	27	32	37	41	
G	49	63040	103911	155050	231371	427901	1925040	
G	50	12	22	27	32	37	41	
G	50	60216	101459	153101	232270	427913	1923485	
G	51	12	22	27	32	37	41	
G	51	69349	113555	167031	248349	446928	1931329	
G	52	12	22	27	32	37	41	
G	52	61987	105539	158627	241447	440990	1921267	
G	53	12	22	27	32	37	41	
G	53	63619	106181	159201	242464	443761	1921859	
G	54	12	22	27	32	37	41	
G	54	63324	105976	158490	242585	444112	1924588	
G	55	12	22	27	32	37	41	
G	55	69569	114001	166936	251267	452815	1926625	
G	56	12	22	27	32	37	41	
G	56	69346	115170	170638	257190	458876	1924839	
G	57	12	22	27	32	37	41	
G	57	65866	111443	165443	254466	456359	1921958	
G	58	12	22	27	32	37	41	
G	58	66717	112351	165610	254878	458226	1924595	
G	59	12	22	27	32	37	41	
G	59	70158	117581	170727	259879	463315	1921599	
G	60	12	22	27	32	37	41	
G	60	68045	117168	169446	260364	463841	1921885	
G	61	12	22	27	32	37	41	
G	61	72728	123642	174714	266575	471733	1925865	
G	62	12	22	27	32	37	41	
G	62	76962	131403	183849	277610	486214	1930049	
G	63	12	22	27	32	37	41	
G	63	73124	128212	180264	274658	484744	1927995	
G	64	12	22	27	32	37	41	
G	64	71909	126404	178006	274215	487314	1925716	
G	65	12	22	27	32	37	41	
G	65	79584	136637	187566	283280	496144	1927684	
G	66	12	22	27	32	37	41	
G	66	75109	134424	184140	280820	493136	1925741	
G	67	12	22	27	32	37	41	
G	67	75509	134931	183873	281364	498134	1923185	
G	68	12	22	27	32	37	41	
G	68	77077	137488	186127	284121	500467	1927296	
G	69	12	22	27	32	37	41	
G	69	81080	143884	192679	291865	510901	1934528	
G	70	12	22	27	32	37	41	
G	70	84697	149317	199138	299770	520719	1939274	
G	71	12	22	27	32	37	41	
G	71	82159	147483	197580	298915	520736	1933497	
G	72	12	22	27	32	37	41	
G	72	81872	146735	196409	298437	522441	1932042	
G	73	12	22	27	32	37	41	
G	73	87012	153037	202845	305185	528894	1933793	
G	74	12	22	27	32	37	41	
G	74	88786	156471	207561	311204	536239	1929613	
G	75	12	22	27	32	37	41	
G	75	87343	194022	260630	467760	883098	1931601	
G	76	12	22	27	32	37	41	
G	76	92934	173087	229446	368622	664338	1934801	
G	77	12	22	27	32	37	41	
G	77	95053	172319	226695	347157	603393	1938728	
G	78	12	22	27	32	37	41	
G	78	84285	156091	208049	319755	556199	1934411	
G	79	12	22	27	32	37	41	
G	79	85905	154654	204951	312170	541230	1936416	
G	80	12	22	27	32	37	41	
G	80	88840	158711	209520	315828	539629	1938931	
G	81	12	22	27	32	37	41	
G	81	84931	153571	204314	310469	533984	1935629	
G	82	12	22	27	32	37	41	
G	82	87430	155617	206261	313043	538973	1935347	
G	83	12	22	27	32	37	41	
G	83	86513	154359	205179	312530	538766	1933774	
G	84	12	22	27	32	37	41	
G	84	88497	157480	209023	317102	546376	1933279	
G	85	12	22	27	32	37	41	
G	85	91155	160906	213079	322874	552695	1935755	
G	86	12	22	27	32	37	41	
G	86	94954	166996	219534	329923	560850	1937276	
G	87	12	22	27	32	37	41	
G	87	91672	164291	217627	329596	562238	1938675	
G	88	12	22	27	32	37	41	
G	88	97191	171051	225127	338500	579710	1938219	
G	89	12	22	27	32	37	41	
G	89	98944	174852	228873	344697	596864	1941516	
G	90	12	22	27	32	37	41	
G	90	93817	170200	223578	338685	598043	1938537	
G	91	12	22	27	32	37	41	
G	91	97720	174380	228160	343490	609780	1938576	
G	92	12	22	27	32	37	41	
G	92	95496	173533	227156	342992	623193	1937827	
G	93	12	22	27	32	37	41	
G	93	99246	177974	232832	350618	636676	1945917	
G	94	12	22	27	32	37	41	
G	94	103014	183614	238634	357095	650317	1941065	
G	95	12	22	27	32	37	41	
G	95	106791	191269	248934	367823	675649	1944879	
G	96	12	22	27	32	37	41	
G	96	100356	183786	241473	360433	678942	1936602	
G	97	12	22	27	32	37	41	
G	97	108802	193115	251720	372999	698316	1940627	
G	98	12	22	27	32	37	41	
G	98	105712	191617	252994	373759	707390	1937300	
G	99	12	22	27	32	37	41	
G	99	106602	191588	256658	374930	717481	1941985	
G	100	12	22	27	32	37	41	
G	100	109518	193731	260925	377064	720119	1939917	
G	101	12	22	27	32	37	41	
G	101	112124	195483	265972	380593	726537	1940869	
G	102	12	22	27	32	37	41	
G	102	118362	201579	272395	387709	736427	1945842	
G	103	12	22	27	32	37	41	
G	103	125328	208001	280773	396610	749760	1944254	
G	104	8	12	22	27	32	37	41	
G	104	1133	125914	206287	281484	397075	752367	1945234	
G	105	8	12	22	27	32	37	41	
G	105	3067	135610	211730	287537	405929	763903	1946686	
G	106	8	12	22	27	32	37	41	
G	106	2959	139018	215243	292564	414038	778901	1947321	
G	107	8	12	22	27	32	37	41	
G	107	6663	146017	219373	296023	421170	786088	1950844	
G	108	8	12	22	27	32	37	41	
G	108	16283	148749	221313	296854	431745	790078	1944659	
G	109	8	12	22	27	32	37	41	
G	109	19981	166378	243148	321268	462906	818226	1945658	
G	110	8	12	22	27	32	37	41	
G	110	31811	170136	250556	325441	480309	832073	1950846	
G	111	8	12	22	27	32	37	41	
G	111	34355	164084	245518	322671	483460	837858	1951191	
G	112	8	12	22	27	32	37	41	
G	112	34460	169559	246931	325966	487184	848977	1953753	
G	113	8	12	22	27	32	37	41	
G	113	48309	172181	249932	328077	503121	854129	1956698	
G	114	8	12	22	27	32	37	41	
G	114	56516	176487	255810	331556	513939	859023	1954385	
G	115	8	12	22	27	32	37	41	
G	115	62026	183709	266353	347887	540433	880935	1960217	
G	116	8	12	22	27	32	37	41	
G	116	62571	182033	265578	349258	544992	886587	1956282	
G	117	8	12	22	27	32	37	41	
G	117	67292	188897	273858	365698	568227	906388	1959150	
G	118	8	12	22	27	32	37	41	
G	118	72511	191310	278885	371539	580321	915452	1961021	
G	119	8	12	22	27	32	37	41	
G	119	76557	194476	283836	385064	599441	924035	1959490	
G	120	8	12	22	27	32	37	41	
G	120	80366	201877	293493	405438	621711	929562	1964720	
G	121	8	12	22	27	32	37	41	
G	121	78714	198048	290404	406030	622704	926956	1957520	
G	122	8	12	22	27	32	37	41	
G	122	82456	214750	311549	433216	653196	960210	1966552	
G	123	8	12	22	27	32	37	41	
G	123	83251	215083	316599	447724	671639	980069	1969720	
G	124	8	12	22	27	32	37	41	
G	124	86211	222922	326779	464075	688620	999814	1969583	
G	125	8	12	22	27	32	37	41	
G	125	89136	230651	337377	479127	707199	1017573	1967261	
G	126	8	12	22	27	32	37	41	
G	126	87741	234373	344143	492065	721928	1036174	1974138	
G	127	8	12	22	27	32	37	41	
G	127	90957	238499	350434	502787	734357	1054333	1976574	
G	128	8	12	22	27	32	37	41	
G	128	89125	241432	356118	523557	743358	1084408	1977741	
G	129	8	12	22	27	32	37	41	
G	129	93361	251382	368376	537762	759411	1100364	1983749	
G	130	8	12	22	27	32	37	41	
G	130	98289	261297	381689	554181	779122	1120742	1981551	
G	131	8	12	22	27	32	37	41	
G	131	97464	283486	412590	598445	817605	1175259	1988455	
G	132	8	12	22	27	32	37	41	
G	132	101591	283431	419011	616075	830644	1202853	1989841	
G	133	8	12	22	27	32	37	41	
G	133	104345	289787	425460	623935	838217	1209307	1992373	
G	134	8	12	22	27	32	37	41	
G	134	105177	295225	436087	647349	860811	1241850	1991932	
G	135	8	12	22	27	32	37	41	
G	135	107345	302024	443296	657867	870938	1255195	1993058	
G	136	8	12	22	27	32	37	41	
G	136	110958	314213	460603	682755	892839	1284233	2000140	
G	137	8	12	22	27	32	37	41	
G	137	112678	318536	468312	694586	908429	1299659	2003215	
G	138	8	12	22	27	32	37	41	
G	138	116119	326410	477163	704295	920913	1310876	2002739	
G	139	8	12	22	27	32	37	41	
G	139	117691	333446	488337	721075	938429	1331616	2006835	
G	140	8	12	22	27	32	37	41	
G	140	121123	341921	499457	735230	953683	1347029	2004472	
G	141	8	12	22	27	32	37	41	
G	141	122496	346557	507454	747684	968095	1362930	2012742	
G	142	8	12	22	27	32	37	41	
G	142	123759	349687	512684	756654	980066	1378604	2016676	
G	143	8	12	22	27	32	37	41	
G	143	129741	365934	532361	779076	1004012	1401489	2024520	
G	144	8	12	22	27	32	37	41	
G	144	128010	362485	531593	781674	1008163	1406572	2023016	
G	145	8	12	22	27	32	37	41	
G	145	132002	370325	540062	791069	1018158	1415850	2023247	
G	146	8	12	22	27	32	37	41	
G	146	136266	381147	554872	808507	1037019	1433620	2033003	
G	147	8	12	22	27	32	37	41	
G	147	141467	394616	571425	828496	1059863	1453551	2032668	
G	148	8	12	22	27	32	37	41	
G	148	145968	408910	593963	857555	1089888	1481275	2037550	
G	149	8	12	22	27	32	37	41	
G	149	146248	410204	596771	863119	1098244	1491951	2039424	
C	0	12	27	32	
C	0	105632	224794	1833452	
C	1	12	27	32	37	
C	1	63170	124834	1741820	1741821	
C	2	12	22	27	32	37	
C	2	54163	60821	107717	581965	1849828	
C	3	12	22	27	32	37	
C	3	37731	44608	75227	206117	1928567	
C	4	12	22	27	32	37	
C	4	33668	45683	62732	135309	1910705	
C	5	12	22	27	32	37	41	
C	5	45962	69386	99615	203762	465404	1944131	
C	6	12	22	27	32	37	41	
C	6	45053	66496	96746	193541	437500	1906336	
C	7	12	22	27	32	37	41	
C	7	40863	60223	83458	163331	335996	1910498	
C	8	12	22	27	32	37	41	
C	8	35862	54672	74174	141674	282885	1923879	
C	9	12	22	27	32	37	41	
C	9	36404	56078	78386	144438	298660	1894941	
C	10	12	22	27	32	37	41	
C	10	31189	46305	60231	116335	239408	1896333	
C	11	12	22	27	32	37	41	
C	11	39816	59888	81241	148605	304030	1896113	
C	12	12	22	27	32	37	41	
C	12	51935	80308	114462	204925	419127	1880288	
C	13	12	22	27	32	37	41	
C	13	47119	74314	109178	197141	426054	1888394	
C	14	12	22	27	32	37	41	
C	14	40323	64677	92461	160937	337170	1896734	
C	15	12	22	27	32	37	41	
C	15	35408	60882	89558	143029	290419	1907417	
C	16	12	22	27	32	37	41	
C	16	36319	61363	90241	140630	282989	1907404	
C	17	12	22	27	32	37	41	
C	17	36166	62993	94302	139109	275326	1921998	
C	18	12	22	27	32	37	41	
C	18	33713	58156	85666	126172	256211	1920459	
C	19	12	22	27	32	37	41	
C	19	40688	70252	108740	160142	333331	1914811	
C	20	12	22	27	32	37	41	
C	20	57229	94945	143436	207483	408659	1901792	
C	21	12	22	27	32	37	41	
C	21	42176	75254	112815	161780	312781	1913249	
C	22	12	22	27	32	37	41	
C	22	34688	61900	91841	133012	265464	1919698	
C	23	12	22	27	32	37	41	
C	23	41059	70303	106097	157140	322673	1926356	
C	24	12	22	27	32	37	41	
C	24	50381	84978	127871	185114	360944	1908727	
C	25	12	22	27	32	37	41	
C	25	42428	74417	112579	163625	320330	1910462	
C	26	12	22	27	32	37	41	
C	26	40020	69595	104673	152563	298371	1916654	
C	27	12	22	27	32	37	41	
C	27	39851	68273	102014	148160	289993	1917120	
C	28	12	22	27	32	37	41	
C	28	39823	66841	97818	142526	286142	1920784	
C	29	12	22	27	32	37	41	
C	29	40241	69335	102984	149962	299936	1914445	
C	30	12	22	27	32	37	41	
C	30	42804	74367	110730	160153	309835	1915068	
C	31	12	22	27	32	37	41	
C	31	43006	73431	108806	156988	302515	1913312	
C	32	12	22	27	32	37	41	
C	32	56222	93751	140102	200356	386102	1910885	
C	33	12	22	27	32	37	41	
C	33	42051	72492	105451	151470	297766	1925216	
C	34	12	22	27	32	37	41	
C	34	47577	77653	110612	157258	311410	1928110	
C	35	12	22	27	32	37	41	
C	35	57182	98927	150925	218651	433003	1916084	
C	36	12	22	27	32	37	41	
C	36	61679	103959	155423	222898	431387	1913555	
C	37	12	22	27	32	37	41	
C	37	48232	85077	127383	183598	362079	1918718	
C	38	12	22	27	32	37	41	
C	38	42821	73016	105286	152143	301032	1934652	
C	39	12	22	27	32	37	41	
C	39	46685	78111	114601	164368	319667	1921900	
C	40	12	22	27	32	37	41	
C	40	63436	104613	155849	220020	420208	1915794	
C	41	12	22	27	32	37	41	
C	41	54844	94520	142907	202206	395098	1924937	
C	42	12	22	27	32	37	41	
C	42	57287	95695	142600	202061	390018	1923877	
C	43	12	22	27	32	37	41	
C	43	51586	89770	135867	199251	377385	1928127	
C	44	12	22	27	32	37	41	
C	44	55344	92089	137154	202022	378456	1931541	
C	45	12	22	27	32	37	41	
C	45	52770	89983	135470	203021	376019	1928190	
C	46	12	22	27	32	37	41	
C	46	51953	87718	131785	200740	371317	1930848	
C	47	12	22	27	32	37	41	
C	47	56422	93206	137623	207283	377821	1926852	
C	48	12	22	27	32	37	41	
C	48	54138	93135	139562	211522	385243	1925779	
C	49	12	22	27	32	37	41	
C	49	56170	94064	139744	212590	386467	1929874	
C	50	12	22	27	32	37	41	
C	50	55287	93220	139557	213664	385551	1927171	
C	51	12	22	27	32	37	41	
C	51	60099	98892	145480	220040	394222	1925107	
C	52	12	22	27	32	37	41	
C	52	56238	96075	143226	221162	394325	1927060	
C	53	12	22	27	32	37	41	
C	53	56984	95555	142185	219784	395836	1933762	
C	54	12	22	27	32	37	41	
C	54	57011	95665	142050	220128	395385	1928489	
C	55	12	22	27	32	37	41	
C	55	61267	100779	147833	225728	401369	1929180	
C	56	12	22	27	32	37	41	
C	56	60623	101993	150764	231671	409412	1931042	
C	57	12	22	27	32	37	41	
C	57	59885	101166	149965	233211	413499	1930314	
C	58	12	22	27	32	37	41	
C	58	61234	102723	150844	235060	414791	1927223	
C	59	12	22	27	32	37	41	
C	59	64347	107403	155325	239723	420056	1936964	
C	60	12	22	27	32	37	41	
C	60	62209	107709	155227	240594	422221	1935250	
C	61	12	22	27	32	37	41	
C	61	65269	111691	157490	243951	426118	1931285	
C	62	12	22	27	32	37	41	
C	62	68195	117538	164367	251885	435690	1935442	
C	63	12	22	27	32	37	41	
C	63	67193	117570	164665	254288	440894	1937609	
C	64	12	22	27	32	37	41	
C	64	66519	116494	162973	253526	443288	1934750	
C	65	12	22	27	32	37	41	
C	65	70184	121917	167391	257951	447373	1938135	
C	66	12	22	27	32	37	41	
C	66	69190	123629	168255	258929	449737	1936771	
C	67	12	22	27	32	37	41	
C	67	68974	123402	167118	258178	450101	1936196	
C	68	12	22	27	32	37	41	
C	68	69765	124863	167817	259224	450597	1938221	
C	69	12	22	27	32	37	41	
C	69	71902	128430	171569	263060	455630	1928414	
C	70	12	22	27	32	37	41	
C	70	74732	132826	177255	270760	465514	1928193	
C	71	12	22	27	32	37	41	
C	71	74231	134205	179027	274381	471736	1934116	
C	72	12	22	27	32	37	41	
C	72	73670	133140	177945	273709	472911	1930880	
C	73	12	22	27	32	37	41	
C	73	77185	137343	182129	277931	475709	1923801	
C	74	12	22	27	32	37	41	
C	74	78869	140803	186562	284160	486505	1936198	
C	75	12	22	27	32	37	41	
C	75	77296	180937	240077	436076	798736	1931300	
C	76	12	22	27	32	37	41	
C	76	79824	154406	205290	338295	600696	1928714	
C	77	12	22	27	32	37	41	
C	77	79649	148928	197065	309461	535420	1929227	
C	78	12	22	27	32	37	41	
C	78	74728	140197	186737	292577	503622	1928690	
C	79	12	22	27	32	37	41	
C	79	75517	137123	182109	283424	487931	1926704	
C	80	12	22	27	32	37	41	
C	80	78057	140647	186238	285500	486691	1926057	
C	81	12	22	27	32	37	41	
C	81	76352	138989	184779	285110	486853	1928778	
C	82	12	22	27	32	37	41	
C	82	77453	139311	185550	286013	489699	1924475	
C	83	12	22	27	32	37	41	
C	83	77416	139444	185460	286381	491474	1927739	
C	84	12	22	27	32	37	41	
C	84	79053	141542	188234	289845	494349	1927720	
C	85	12	22	27	32	37	41	
C	85	81223	144747	191587	294553	500372	1930465	
C	86	12	22	27	32	37	41	
C	86	82585	147788	194794	299443	507151	1930082	
C	87	12	22	27	32	37	41	
C	87	81778	147511	195321	300516	510487	1927392	
C	88	12	22	27	32	37	41	
C	88	84379	150805	198929	305359	523384	1924346	
C	89	12	22	27	32	37	41	
C	89	87270	155776	204588	313514	541386	1933349	
C	90	12	22	27	32	37	41	
C	90	84302	153455	202509	312181	547976	1931221	
C	91	12	22	27	32	37	41	
C	91	87433	156450	205347	314755	559007	1930337	
C	92	12	22	27	32	37	41	
C	92	85371	155886	204213	313695	570699	1927182	
C	93	12	22	27	32	37	41	
C	93	87175	158228	207548	318509	580433	1929274	
C	94	12	22	27	32	37	41	
C	94	89777	161954	211093	322421	591374	1924985	
C	95	12	22	27	32	37	41	
C	95	92648	168200	220206	331997	615211	1930650	
C	96	12	22	27	32	37	41	
C	96	89652	166272	218971	331693	626564	1930925	
C	97	12	22	27	32	37	41	
C	97	95505	170924	224134	337900	637274	1932239	
C	98	12	22	27	32	37	41	
C	98	93762	171076	227098	341297	650391	1930774	
C	99	12	22	27	32	37	41	
C	99	94628	170705	229880	341160	655320	1931317	
C	100	12	22	27	32	37	41	
C	100	97225	172741	234073	343503	659552	1927351	
C	101	12	22	27	32	37	41	
C	101	101658	176776	241355	349150	668890	1928267	
C	102	12	22	27	32	37	41	
C	102	106290	181709	246133	355570	678522	1931565	
C	103	12	22	27	32	37	41	
C	103	111929	187033	253936	363408	690089	1928998	
C	104	8	12	22	27	32	37	41	
C	104	945	114305	187485	256888	366822	697015	1930249	
C	105	8	12	22	27	32	37	41	
C	105	2633	122110	190070	259578	370792	700331	1924058	
C	106	8	12	22	27	32	37	41	
C	106	2611	124406	192050	262358	375776	710993	1923945	
C	107	8	12	22	27	32	37	41	
C	107	6145	131385	196051	265065	381436	715395	1928371	
C	108	8	12	22	27	32	37	41	
C	108	15214	134621	199082	267012	393829	723580	1931457	
C	109	8	12	22	27	32	37	41	
C	109	18527	147098	214998	285448	418651	747510	1928414	
C	110	8	12	22	27	32	37	41	
C	110	29592	152213	223422	291671	438397	763890	1928354	
C	111	8	12	22	27	32	37	41	
C	111	32405	149916	223703	294053	445879	775016	1926208	
C	112	8	12	22	27	32	37	41	
C	112	32377	154800	223268	295006	447236	782265	1922574	
C	113	8	12	22	27	32	37	41	
C	113	45670	156873	225529	296652	462468	788591	1926727	
C	114	8	12	22	27	32	37	41	
C	114	53217	158982	228653	298070	470807	791394	1923242	
C	115	8	12	22	27	32	37	41	
C	115	58182	163859	236673	309734	488598	802450	1922411	
C	116	8	12	22	27	32	37	41	
C	116	58409	163540	238298	314945	497627	814975	1926481	
C	117	8	12	22	27	32	37	41	
C	117	62946	169708	245220	327479	515915	829845	1925139	
C	118	8	12	22	27	32	37	41	
C	118	67686	171658	249237	332319	524295	835371	1915785	
C	119	8	12	22	27	32	37	41	
C	119	71839	176658	255900	347545	546598	849351	1927486	
C	120	8	12	22	27	32	37	41	
C	120	74138	181218	261975	363989	566350	853721	1920779	
C	121	8	12	22	27	32	37	41	
C	121	73925	180612	263275	369249	572390	857209	1917848	
C	122	8	12	22	27	32	37	41	
C	122	77765	195054	281074	393562	598711	888253	1917559	
C	123	8	12	22	27	32	37	41	
C	123	78009	195009	285376	405564	611351	899109	1913102	
C	124	8	12	22	27	32	37	41	
C	124	80558	201505	293079	418038	624816	915633	1915883	
C	125	8	12	22	27	32	37	41	
C	125	83001	207765	301529	431542	642421	933582	1920320	
C	126	8	12	22	27	32	37	41	
C	126	81999	211043	308276	443394	655013	947881	1916232	
C	127	8	12	22	27	32	37	41	
C	127	85566	215869	314261	454457	666603	964273	1916944	
C	128	8	12	22	27	32	37	41	
C	128	84167	219253	320570	475356	673307	990482	1917135	
C	129	8	12	22	27	32	37	41	
C	129	88191	228143	330787	486609	685494	999514	1908272	
C	130	8	12	22	27	32	37	41	
C	130	91879	237598	344671	506112	709553	1026703	1913859	
C	131	8	12	22	27	32	37	41	
C	131	91233	256291	370247	542167	738266	1069297	1907550	
C	132	8	12	22	27	32	37	41	
C	132	94493	255775	376240	560604	749954	1092183	1904029	
C	133	8	12	22	27	32	37	41	
C	133	96937	260930	380202	566097	756307	1098717	1906854	
C	134	8	12	22	27	32	37	41	
C	134	97959	266066	389838	587726	776382	1130403	1914113	
C	135	8	12	22	27	32	37	41	
C	135	100039	271404	393876	594313	781993	1138791	1906110	
C	136	8	12	22	27	32	37	41	
C	136	102726	280447	407095	614963	799126	1161620	1905205	
C	137	8	12	22	27	32	37	41	
C	137	103490	283442	414737	625817	812907	1176291	1908388	
C	138	8	12	22	27	32	37	41	
C	138	106895	290216	421093	634763	825065	1187475	1905438	
C	139	8	12	22	27	32	37	41	
C	139	107954	295312	429111	646950	837073	1201916	1901629	
C	140	8	12	22	27	32	37	41	
C	140	110537	303377	440333	661212	850796	1216638	1901895	
C	141	8	12	22	27	32	37	41	
C	141	112043	306666	445681	670769	863571	1229436	1900691	
C	142	8	12	22	27	32	37	41	
C	142	112769	309149	449585	677513	871359	1239186	1896321	
C	143	8	12	22	27	32	37	41	
C	143	116964	318373	460529	689547	885612	1254302	1898063	
C	144	8	12	22	27	32	37	41	
C	144	115797	316343	460047	691432	889511	1258969	1896457	
C	145	8	12	22	27	32	37	41	
C	145	118935	322152	466737	700032	897546	1266459	1894726	
C	146	8	12	22	27	32	37	41	
C	146	122928	331058	478807	713966	911630	1277631	1891949	
C	147	8	12	22	27	32	37	41	
C	147	126648	342183	492817	731169	931008	1296738	1891263	
C	148	8	12	22	27	32	37	41	
C	148	131302	352918	509140	751604	953376	1316259	1890462	
C	149	8	12	22	27	32	37	41	
C	149	130826	353461	511325	758541	963031	1327167	1890040	
N	0	2	
N	0	1227	
N	1	2	
N	1	11	
N	2	2	
N	2	38	
N	3	
N	3	
N	4	
N	4	
N	5	
N	5	
N	6	
N	6	
N	7	
N	7	
N	8	
N	8	
N	9	
N	9	
N	10	
N	10	
N	11	2	
N	11	28	
N	12	
N	12	
N	13	2	
N	13	167	
N	14	
N	14	
N	15	
N	15	
N	16	
N	16	
N	17	
N	17	
N	18	
N	18	
N	19	2	
N	19	146	
N	20	
N	20	
N	21	
N	21	
N	22	2	
N	22	5	
N	23	
N	23	
N	24	
N	24	
N	25	2	
N	25	5	
N	26	
N	26	
N	27	2	
N	27	66	
N	28	
N	28	
N	29	2	
N	29	388	
N	30	2	
N	30	205	
N	31	2	
N	31	256	
N	32	2	
N	32	191	
N	33	
N	33	
N	34	2	
N	34	243	
N	35	2	
N	35	63	
N	36	2	
N	36	284	
N	37	
N	37	
N	38	
N	38	
N	39	2	
N	39	15	
N	40	
N	40	
N	41	
N	41	
N	42	
N	42	
N	43	
N	43	
N	44	2	
N	44	19	
N	45	
N	45	
N	46	
N	46	
N	47	
N	47	
N	48	
N	48	
N	49	
N	49	
N	50	
N	50	
N	51	
N	51	
N	52	
N	52	
N	53	
N	53	
N	54	2	
N	54	66	
N	55	
N	55	
N	56	2	
N	56	3	
N	57	2	
N	57	133	
N	58	
N	58	
N	59	2	
N	59	130	
N	60	
N	60	
N	61	2	
N	61	21	
N	62	
N	62	
N	63	
N	63	
N	64	
N	64	
N	65	
N	65	
N	66	2	
N	66	77	
N	67	2	
N	67	227	
N	68	
N	68	
N	69	
N	69	
N	70	2	
N	70	652	
N	71	2	
N	71	11	
N	72	
N	72	
N	73	2	
N	73	542	
N	74	
N	74	
N	75	
N	75	
N	76	2	
N	76	233	
N	77	2	
N	77	31	
N	78	2	
N	78	3	
N	79	2	
N	79	82	
N	80	
N	80	
N	81	
N	81	
N	82	2	
N	82	56	
N	83	2	
N	83	53	
N	84	2	
N	84	4	
N	85	
N	85	
N	86	2	
N	86	2	
N	87	2	
N	87	188	
N	88	
N	88	
N	89	
N	89	
N	90	
N	90	
N	91	
N	91	
N	92	
N	92	
N	93	
N	93	
N	94	
N	94	
N	95	
N	95	
N	96	
N	96	
N	97	
N	97	
N	98	2	
N	98	216	
N	99	2	
N	99	114	
N	100	
N	100	
N	101	
N	101	
N	102	
N	102	
N	103	
N	103	
N	104	2	
N	104	294	
N	105	
N	105	
N	106	
N	106	
N	107	
N	107	
N	108	
N	108	
N	109	2	
N	109	245	
N	110	
N	110	
N	111	2	
N	111	77	
N	112	
N	112	
N	113	
N	113	
N	114	
N	114	
N	115	2	
N	115	62	
N	116	
N	116	
N	117	
N	117	
N	118	
N	118	
N	119	2	
N	119	16	
N	120	
N	120	
N	121	2	
N	121	2	
N	122	
N	122	
N	123	
N	123	
N	124	
N	124	
N	125	2	
N	125	133	
N	126	2	
N	126	66	
N	127	
N	127	
N	128	2	
N	128	36	
N	129	
N	129	
N	130	2	
N	130	5	
N	131	2	
N	131	335	
N	132	
N	132	
N	133	
N	133	
N	134	2	
N	134	9	
N	135	2	
N	135	3	
N	136	2	
N	136	31	
N	137	2	
N	137	3	
N	138	2	
N	138	24	
N	139	2	
N	139	6	
N	140	2	
N	140	23	
N	141	2	
N	141	67	
N	142	2	
N	142	25	
N	143	2	
N	143	6	
N	144	
N	144	
N	145	2	
N	145	4	
N	146	
N	146	
N	147	2	
N	147	3	
N	148	2	
N	148	7	
N	149	2	
N	149	126	
